PMT Simulation ID	PMT Installation ID	Breakout Board # (1=Curly, 2=Larry, 3=Moe)	Slot (0-47)	DIGITIZER (1-8)	CHANNEL (0-14)	Warm Cable Transit (ns)	PMT to BB Delay (ns)	PMT to BB Transit (ns)	BB to Digitizer Delay (ns)	BB to Digitizer Transit (ns)	Total Transit (ns)	DQM ID
250	M11	2	3	7	1	na	-5.5	135.5	0.06	7.46	143.0	91
304	M13	2	15	7	3	108.9	-1.1	139.9	-0.12	7.28	147.2	93
274	M22	2	27	7	5	105.7	-4	137	-0.1	7.3	144.3	95
248	M31	2	39	7	7	109.5	-0.25	140.75	0	7.4	148.2	97
302	M33	3	25	7	9	104.7	-5.4	135.6	-0.14	7.26	142.9	99
246	N11	3	15	7	11	106.5	-3.1	137.9	-0.08	7.32	145.2	101
300	N13	3	27	7	13	106.1	-3.55	137.45	-0.08	7.32	144.8	103
272	N22	2	7	8	1	107.3	-2.75	138.25	0	7.4	145.7	106
244	N31	2	19	8	14	106.9	-3.1	137.9	-0.12	7.28	145.2	119
298	N33	2	42	8	3	106.1	-3.9	137.1	0	7.4	144.5	108
242	O11	2	31	8	5	105.9	-3.7	137.3	-0.1	7.3	144.6	110
296	O13	2	43	8	7	109.7	0	141	0	7.4	148.4	112
270	O22	3	6	8	9	109.3	-0.6	140.4	-0.16	7.24	147.6	114
240	O31	3	19	8	11	107.9	-1.8	139.2	0	7.4	146.6	116
294	O33	3	30	8	13	109.5	0	141	-0.1	7.3	148.3	118
172	P11	2	0	5	1	107.3	-1.85	139.15	-0.1	7.3	146.5	61
226	P13	2	12	5	3	107.9	-1.5	139.5	-0.08	7.32	146.8	63
196	P22	2	24	5	5	108.9	-0.2	140.8	0	7.4	148.2	65
170	P31	2	36	5	7	107.7	-1.9	139.1	0	7.4	146.5	67
224	P33	3	0	5	9	105.9	-3.55	137.45	-0.22	7.18	144.6	69
168	Q11	3	12	5	11	110.3	0.8	141.8	-0.16	7.24	149.0	71
222	Q13	3	24	5	13	110.1	0.9	141.9	0	7.4	149.3	73
194	Q22	2	2	6	1	107.7	-1.95	139.05	-0.14	7.26	146.3	76
166	Q31	2	14	6	14	107.1	-2.2	138.8	-0.1	7.3	146.1	89
220	Q33	2	37	6	3	105.7	-3.85	137.15	0	7.4	144.6	78
164	R11	2	26	6	5	108.3	-1.3	139.7	-0.12	7.28	147.0	80
218	R13	2	38	6	7	109.7	0.35	141.35	0	7.4	148.8	82
192	R22	3	2	6	9	109.7	0	141	-0.16	7.24	148.2	84
162	R31	3	14	6	11	110.1	0.7	141.7	-0.1	7.3	149.0	86
216	R33	3	26	6	13	104.1	-5.55	135.45	-0.06	7.34	142.8	88
94	S11	2	10	3	1	107.7	-1.65	139.35	-0.1	7.3	146.7	31
148	S13	2	22	3	3	110.7	1.05	142.05	-0.12	7.28	149.3	33
118	S22	2	34	3	5	107.9	1.9	142.9	0	7.4	150.3	35
92	S31	2	46	3	7	108.5	-1.2	139.8	0	7.4	147.2	37
146	S33	3	34	3	9	108.5	-0.55	140.45	-0.08	7.32	147.8	39
90	T11	3	21	3	11	104.5	-5.15	135.85	0	7.4	143.3	41
144	T13	3	33	3	13	105.9	-3.25	137.75	0	7.4	145.2	43
116	T22	2	11	4	1	109.9	2.75	143.75	-0.08	7.32	151.1	46
88	T31	2	23	4	3	107.3	-2.05	138.95	-0.08	7.32	146.3	48
142	T33	1	47	4	14	111.7	2	143	0	7.4	150.4	59
86	U11	2	35	4	5	109.9	0	141	0	7.4	148.4	50
140	U13	2	47	4	7	103.9	0.05	141.05	0	7.4	148.5	52
114	U22	3	11	4	9	103.9	-0.4	140.6	-0.12	7.28	147.9	54
84	U31	3	23	4	11	104.5	1.45	142.45	0	7.4	149.9	56
138	U33	3	35	4	13	103.7	-1.55	139.45	-0.08	7.32	146.8	58
16	V11	2	5	1	1	107.5	-1.85	139.15	-0.12	7.28	146.4	1
70	V13	2	17	1	3	104.1	-5.55	135.45	-0.12	7.28	142.7	3
40	V22	3	3	1	5	104.3	-5.35	135.65	-0.1	7.3	143.0	5
14	V31	2	41	1	7	105.7	-3.7	137.3	0	7.4	144.7	7
68	V33	3	5	1	9	104.1	-5.5	135.5	-0.12	7.28	142.8	9
12	W11	3	17	1	11	108.5	-1	140	0	7.4	147.4	11
66	W13	3	29	1	13	108.7	-0.65	140.35	0	7.4	147.8	13
38	W22	2	8	2	1	107.5	-1.85	139.15	-0.08	7.32	146.5	16
10	W31	2	20	2	3	111.7	2.35	143.35	-0.1	7.3	150.7	18
64	W33	1	44	2	14	103.9	-5.55	135.45	-0.08	7.32	142.8	29
8	X11	2	32	2	5	109.1	10.3	151.3	-0.08	7.32	158.6	20
62	X13	2	44	2	7	109.7	4.05	145.05	0	7.4	152.5	22
36	X22	3	8	2	9	104.1	-0.35	140.65	-0.1	7.3	148.0	24
6	X31	3	20	2	11	107.1	3.05	144.05	-0.06	7.34	151.4	26
60	X33	3	32	2	13	105.1	3.85	144.85	0	7.4	152.3	28
71	A11	1	17	1	2	108.9	-0.4	140.6	-0.1	7.3	147.9	2
17	A13	1	5	1	0	112.5	3.4	144.4	-0.08	7.32	151.7	0
41	A22	1	29	1	4	111.1	1.8	142.8	-0.06	7.34	150.1	4
69	A31	2	4	1	8	107.1	-2.3	138.7	-0.08	7.32	146.0	8
15	A33	1	41	1	6	109.1	-0.2	140.8	-0.1	7.3	148.1	6
67	B11	2	28	1	12	107.7	-1.9	139.1	-0.1	7.3	146.4	12
13	B13	2	16	1	10	110.7	2.8	143.8	-0.06	7.34	151.1	10
39	B22	1	7	2	0	107.5	-2.1	138.9	-0.1	7.3	146.2	15
65	B31	2	40	1	14	110.5	1.15	142.15	0	7.4	149.6	14
11	B33	1	19	2	2	103.9	-5.5	135.5	-0.12	7.28	142.8	17
63	C11	1	43	2	6	109.1	-0.35	140.65	-0.08	7.32	148.0	21
9	C13	1	31	2	4	107.5	4.4	145.4	-0.14	7.26	152.7	19
37	C22	1	8	2	8	108.7	3.95	144.95	-0.12	7.28	152.2	23
61	C31	1	32	2	12	104.1	1.65	142.65	-0.12	7.28	149.9	27
7	C33	1	20	2	10	104.5	3.15	144.15	-0.08	7.32	151.5	25
149	D11	1	21	3	2	108.9	-2.3	138.7	-0.1	7.3	146.0	32
95	D13	1	9	3	0	110.7	1	142	0	7.4	149.4	30
119	D22	1	33	3	4	105.5	-4.1	136.9	-0.1	7.3	144.2	34
147	D31	2	9	3	8	108.3	-1.4	139.6	0	7.4	147.0	38
93	D33	1	45	3	6	110.3	0.7	141.7	0	7.4	149.1	36
145	E11	2	33	3	12	105.3	-4.05	136.95	0	7.4	144.4	42
91	E13	2	21	3	10	105.5	-3.95	137.05	-0.12	7.28	144.3	40
117	E22	3	10	4	0	107.5	-2.1	138.9	0	7.4	146.3	45
143	E31	2	45	3	14	108.1	-1.6	139.4	0	7.4	146.8	44
89	E33	1	22	4	2	105.5	-3.75	137.25	-0.06	7.34	144.6	47
141	F11	1	46	4	6	108.5	3.15	144.15	-0.1	7.3	151.5	51
87	F13	1	34	4	4	109.7	0	141	-0.08	7.32	148.3	49
115	F22	1	11	4	8	105.9	0.8	141.8	-0.12	7.28	149.1	53
139	F31	1	35	4	12	104.5	1.9	142.9	-0.14	7.26	150.2	57
85	F33	1	23	4	10	108.7	11.55	152.55	-0.14	7.26	159.8	55
227	G11	1	12	5	2	105.5	-4	137	-0.16	7.24	144.2	62
173	G13	1	0	5	0	107.7	-1.55	139.45	-0.16	7.24	146.7	60
197	G22	1	24	5	4	106.7	-3.1	137.9	-0.18	7.22	145.1	64
225	G31	1	1	5	8	111.7	2.4	143.4	-0.14	7.26	150.7	68
171	G33	1	36	5	6	112.1	2.55	143.55	-0.1	7.3	150.9	66
223	H11	1	25	5	12	107.7	-1.75	139.25	-0.16	7.24	146.5	72
169	H13	1	13	5	10	109.1	-0.3	140.7	-0.12	7.28	148.0	70
195	H22	1	2	6	0	105.9	-3.9	137.1	-0.14	7.26	144.4	75
221	H31	1	37	6	2	108.7	-1.15	139.85	-0.1	7.3	147.2	77
167	H33	1	14	5	14	108.7	-0.95	140.05	-0.12	7.28	147.3	74
219	I11	1	38	6	6	110.7	1.25	142.25	0	7.4	149.7	81
165	I13	1	26	6	4	107.9	-1.9	139.1	-0.1	7.3	146.4	79
193	I22	2	1	6	8	111.5	1.7	142.7	0	7.4	150.1	83
217	I31	2	25	6	12	107.9	-1.15	139.85	-0.12	7.28	147.1	87
163	I33	2	13	6	10	107.7	-1.3	139.7	-0.1	7.3	147.0	85
305	J11	1	15	7	2	113.5	-1.15	139.85	-0.12	7.28	147.1	92
251	J13	1	3	7	0	107.7	-4.15	136.85	-0.12	7.28	144.1	90
275	J22	1	27	7	4	108.1	-1.7	139.3	-0.14	7.26	146.6	94
303	J31	1	4	7	8	104.5	-5.1	135.9	-0.08	7.32	143.2	98
249	J33	3	47	7	6	111.3	1.85	142.85	-0.08	7.32	150.2	96
301	K11	1	28	7	12	108.3	-1.05	139.95	-0.14	7.26	147.2	102
247	K13	1	16	7	10	107.1	-2.95	138.05	-0.14	7.26	145.3	100
273	K22	1	6	8	0	110.1	0.35	141.35	-0.14	7.26	148.6	105
299	K31	1	40	8	2	106.1	-3.55	137.45	-0.08	7.32	144.8	107
245	K33	1	18	7	14	107.9	-1.55	139.45	-0.2	7.2	146.7	104
297	L11	1	42	8	6	104.5	-5.15	135.85	-0.1	7.3	143.2	111
243	L13	1	30	8	4	104.7	-5.1	135.9	-0.18	7.22	143.1	109
271	L22	2	6	8	8	108.9	-0.65	140.35	-0.1	7.3	147.7	113
295	L31	2	30	8	12	112.7	3.1	144.1	-0.12	7.28	151.4	117
241	L33	2	18	8	10	108.1	-1.1	139.9	-0.14	7.26	147.2	115
