PMT Simulation ID   PMT Installation ID DIGITIZER (1-8) CHANNEL (0-14)
16  A13 1   0
70  A11 1   1
40  A22 1   2
14  A33 1   3
68  A31 1   4
12  B13 1   5
66  B11 1   6
64  B31 1   7
17  V11 1   8
71  V13 1   9
41  V22 1   10
15  V31 1   11
69  V33 1   12
13  W11 1   13
67  W13 1   14
38  B22 2   0
10  B33 2   1
62  C11 2   3
8   C13 2   2
36  C22 2   4
6   C33 2   5
60  C31 2   6
65  W33 2   7
39  W22 2   8
11  W31 2   9
9   X11 2   10
63  X13 2   11
37  X22 2   12
7   X31 2   13
61  X33 2   14
94  D13 3   0
148 D11 3   1
118 D22 3   2
92  D33 3   3
146 D31 3   4
90  E13 3   5
144 E11 3   6
142 E31 3   7
95  S11 3   8
149 S13 3   9
119 S22 3   10
93  S31 3   11
147 S33 3   12
91  T11 3   13
145 T13 3   14
116 E22 4   0
88  E33 4   1
86  F13 4   2
140 F11 4   3
114 F22 4   4
84  F33 4   5
138 F31 4   6
143 T33 4   7
117 T22 4   8
89  T31 4   9
87  U11 4   10
141 U13 4   11
115 U22 4   12
85  U31 4   13
139 U33 4   14
172 G13 5   0
226 G11 5   1
196 G22 5   2
170 G33 5   3
224 G31 5   4
168 H13 5   5
222 H11 5   6
220 H31 5   7
173 P11 5   8
227 P13 5   9
197 P22 5   10
171 P31 5   11
225 P33 5   12
169 Q11 5   13
223 Q13 5   14
194 H22 6   0
166 H33 6   1
164 I13 6   2
218 I11 6   3
192 I22 6   4
162 I33 6   5
216 I31 6   6
221 Q33 6   7
195 Q22 6   8
167 Q31 6   9
165 R11 6   10
219 R13 6   11
193 R22 6   12
163 R31 6   13
217 R33 6   14
250 J13 7   0
304 J11 7   1
274 J22 7   2
302 J31 7   4
248 J33 7   3
300 K11 7   6
246 K13 7   5
298 K31 7   7
251 M11 7   8
305 M13 7   9
275 M22 7   10
249 M31 7   11
303 M33 7   12
247 N11 7   13
301 N13 7   14
272 K22 8   0
244 K33 8   1
296 L11 8   3
242 L13 8   2
270 L22 8   4
240 L33 8   5
294 L31 8   6
299 N33 8   7
273 N22 8   8
245 N31 8   9
243 O11 8   10
297 O13 8   11
271 O22 8   12
241 O31 8   13
295 O33 8   14

