18 0 115.983
18 1 135.124
18 2 146.797
18 3 134.62
18 4 152.16
18 5 137.036
18 6 120.257
18 7 112.366
18 8 126.812
18 9 133.956
18 10 128.802
18 11 133.427
18 12 124.067
18 13 132.226
18 14 123.053
18 15 142.003
18 16 122.355
18 17 129.575
18 18 135.85
18 19 120.336
18 20 141.703
18 21 116.321
18 22 117.723
18 23 114.352
18 24 119.871
18 25 118.166
18 26 119.342
18 27 120.045
18 28 121.29
18 29 123.966
18 30 119.904
18 31 137.976
44 0 118.273
44 1 116.248
44 2 117.407
44 3 131.108
44 4 115.113
44 5 136.017
44 6 124.367
44 7 129.578
44 8 132.478
44 9 119.803
44 10 120.005
44 11 128.785
44 12 115.361
44 13 128.248
44 14 120.842
44 15 123.932
44 16 119.629
44 17 127.388
44 18 116.41
44 19 118.799
44 20 115.64
44 21 125.417
44 22 123.703
44 23 111.021
44 24 122.425
44 25 129.676
44 26 110.519
44 27 117.588
44 28 110.054
44 29 126.86
44 30 119.297
44 31 118.183
58 0 173.847
58 1 179.204
58 2 191.832
58 3 173.471
58 4 180.259
58 5 174.381
58 6 188.323
58 7 177.152
58 8 164.707
58 9 157.734
58 10 170.256
58 11 178.376
58 12 176.281
58 13 160.1
58 14 169.254
58 15 169.226
58 16 164.256
58 17 173.89
58 18 170.075
58 19 151.207
58 20 153.927
58 21 170.751
58 22 159.134
58 23 169.792
58 24 155.709
58 25 168.615
58 26 154.786
58 27 161.876
58 28 149.047
58 29 163.182
58 30 168.799
58 31 171.914
73 0 233.8
73 1 238.854
73 2 250.963
73 3 254.9
73 4 235.767
73 5 236.332
73 6 238.914
73 7 237.333
73 8 243.063
73 9 238.353
73 10 250.336
73 11 241.24
73 12 233.477
73 13 229.198
73 14 239.938
73 15 234.1
73 16 249.304
73 17 248.362
73 18 232.134
73 19 220.08
73 20 236.335
73 21 229.329
73 22 223.817
73 23 223.371
73 24 223.579
73 25 224.393
73 26 226.806
73 27 233.151
73 28 228.492
73 29 228.402
73 30 217.379
73 31 230.176
77 0 113.33
77 1 115.095
77 2 122.412
77 3 129.993
77 4 121.992
77 5 109.814
77 6 140.385
77 7 122.367
77 8 126.626
77 9 130.553
77 10 137.141
77 11 117.01
77 12 126.986
77 13 112.241
77 14 125.175
77 15 126.319
77 16 129.862
77 17 129.084
77 18 124.423
77 19 132.567
77 20 107.745
77 21 126.814
77 22 109.572
77 23 107.826
77 24 118.393
77 25 106.036
77 26 113.124
77 27 102.385
77 28 112.33
77 29 109.027
77 30 117.976
77 31 129.354
78 0 250.345
78 1 247.01
78 2 249.22
78 3 261.475
78 4 233.865
78 5 241.016
78 6 217.619
78 7 238.739
78 8 235.158
78 9 235.352
78 10 236.753
78 11 248.59
78 12 240.929
78 13 247.923
78 14 225.88
78 15 241.894
78 16 242.77
78 17 215.816
78 18 262.382
78 19 225.525
78 20 240.156
78 21 241.16
78 22 245.527
78 23 240.297
78 24 233.494
78 25 237.384
78 26 250.975
78 27 214.587
78 28 222.716
78 29 250.283
78 30 237.174
78 31 236.406
79 0 177.216
79 1 182.104
79 2 190.122
79 3 188.149
79 4 188.74
79 5 180.36
79 6 184.355
79 7 178.287
79 8 194.093
79 9 198.524
79 10 187.35
79 11 192.228
79 12 188.476
79 13 198.673
79 14 168.034
79 15 196.318
79 16 193.773
79 17 193.091
79 18 198.014
79 19 184.866
79 20 190.548
79 21 180.677
79 22 184.878
79 23 183.447
79 24 184.114
79 25 154.178
79 26 187.426
79 27 201.414
79 28 185.718
79 29 186.06
79 30 183.986
79 31 172.581
81 0 217.024
81 1 207.715
81 2 210.282
81 3 221.785
81 4 216.089
81 5 203.164
81 6 202.141
81 7 230.621
81 8 235.209
81 9 214.716
81 10 217.662
81 11 207.06
81 12 215.48
81 13 207.285
81 14 201.031
81 15 220.729
81 16 225.037
81 17 207.581
81 18 211.29
81 19 209.344
81 20 219.212
81 21 222.288
81 22 218.9
81 23 212.066
81 24 206.67
81 25 226.267
81 26 219.473
81 27 199.976
81 28 199.857
81 29 191.52
81 30 205.808
81 31 212.379
82 0 165.482
82 1 182.914
82 2 197.531
82 3 192.337
82 4 180.509
82 5 188.407
82 6 192.503
82 7 189.501
82 8 183.974
82 9 182.177
82 10 181.036
82 11 181.762
82 12 195.928
82 13 165.06
82 14 181.819
82 15 185.19
82 16 186.186
82 17 184.953
82 18 185.827
82 19 182.709
82 20 180.135
82 21 189.575
82 22 194.796
82 23 193.701
82 24 179.263
82 25 144.434
82 26 173.075
82 27 169.949
82 28 182.198
82 29 192.302
82 30 192.116
82 31 175.062
83 0 155.135
83 1 161.576
83 2 168.131
83 3 151.429
83 4 161.23
83 5 153.428
83 6 162.642
83 7 168.421
83 8 167.991
83 9 144.375
83 10 154.448
83 11 163.695
83 12 157.699
83 13 150.929
83 14 144.976
83 15 155.501
83 16 152.43
83 17 147.219
83 18 144.305
83 19 152.982
83 20 155.433
83 21 150.796
83 22 140.171
83 23 154.109
83 24 161.65
83 25 169.141
83 26 156.844
83 27 145.34
83 28 157.685
83 29 151.261
83 30 154.426
83 31 162.572
84 0 96.2911
84 1 105.593
84 2 102.978
84 3 92.7241
84 4 114.894
84 5 104.537
84 6 104.352
84 7 128.749
84 8 92.5742
84 9 77.2869
84 10 99.0011
84 11 97.6276
84 12 102.567
84 13 93.6777
84 14 86.0413
84 15 92.3146
84 16 115.385
84 17 89.2601
84 18 90.0667
84 19 87.1177
84 20 103.84
84 21 105.688
84 22 90.1984
84 23 100.213
84 24 88.5604
84 25 95.4583
84 26 92.4421
84 27 94.0303
84 28 88.4087
84 29 95.7278
84 30 107.664
84 31 118.601
85 0 133.06
85 1 128.015
85 2 128.731
85 3 154.677
85 4 128.016
85 5 149.387
85 6 145.604
85 7 137.741
85 8 158.041
85 9 137.289
85 10 119.337
85 11 123.944
85 12 141.147
85 13 146.395
85 14 123.502
85 15 142.326
85 16 142.327
85 17 125.681
85 18 129.355
85 19 133.084
85 20 135.984
85 21 143.807
85 22 128.676
85 23 129.127
85 24 125.645
85 25 121.854
85 26 117.722
85 27 132.487
85 28 134.059
85 29 138.738
85 30 123.223
85 31 135.224
86 0 238.332
86 1 250.43
86 2 243.545
86 3 250.82
86 4 231.938
86 5 241.423
86 6 243.424
86 7 263.411
86 8 248.766
86 9 246.821
86 10 235.645
86 11 239.98
86 12 263.956
86 13 245.342
86 14 248.129
86 15 245.989
86 16 233.799
86 17 243.494
86 18 240.955
86 19 247.984
86 20 250.236
86 21 242.686
86 22 248.487
86 23 238.921
86 24 235.78
86 25 243.294
86 26 246.363
86 27 228.183
86 28 244.308
86 29 230.257
86 30 237.004
86 31 240.555
87 0 114.038
87 1 139.385
87 2 126.15
87 3 110.622
87 4 134.04
87 5 139.659
87 6 122.893
87 7 131.458
87 8 130.671
87 9 117.318
87 10 125.715
87 11 128.664
87 12 128.363
87 13 120.251
87 14 123.125
87 15 120.113
87 16 136.564
87 17 118.852
87 18 133.329
87 19 114.686
87 20 110.557
87 21 130.091
87 22 131.228
87 23 107.57
87 24 120.276
87 25 101.77
87 26 129.246
87 27 127.779
87 28 126.622
87 29 115.704
87 30 117.798
87 31 120.519
88 0 163.239
88 1 186.958
88 2 183.877
88 3 195.895
88 4 186.528
88 5 191.512
88 6 176.525
88 7 172.604
88 8 184.629
88 9 165.815
88 10 172.053
88 11 167.038
88 12 163.417
88 13 171.736
88 14 181.712
88 15 159.33
88 16 148.604
88 17 168.036
88 18 162.886
88 19 167.757
88 20 172.405
88 21 172.041
88 22 165.072
88 23 166.379
88 24 161.798
88 25 164.512
88 26 173.251
88 27 136.622
88 28 159.406
88 29 166.882
88 30 158.543
88 31 163.984
90 0 188.702
90 1 219.701
90 2 209.919
90 3 214.288
90 4 219.147
90 5 212.136
90 6 216.236
90 7 220.786
90 8 198.744
90 9 202.985
90 10 195.815
90 11 202.166
90 12 202.477
90 13 204.543
90 14 212.711
90 15 206.684
90 16 202.312
90 17 200.663
90 18 201.632
90 19 208.439
90 20 200.622
90 21 212.298
90 22 191.921
90 23 212.398
90 24 190.342
90 25 209.573
90 26 199.865
90 27 196.469
90 28 215.398
90 29 225.696
90 30 214.749
90 31 209.284
91 0 178.114
91 1 179.758
91 2 193.934
91 3 190.263
91 4 200.579
91 5 190.509
91 6 166.015
91 7 200.44
91 8 177.954
91 9 181.897
91 10 192.643
91 11 167.375
91 12 187.081
91 13 177.041
91 14 180.195
91 15 181.355
91 16 168.784
91 17 179.569
91 18 189.135
91 19 180.457
91 20 194.457
91 21 174.238
91 22 185.085
91 23 158.859
91 24 173.674
91 25 182.629
91 26 191.639
91 27 191.794
91 28 181.315
91 29 185.487
91 30 181.672
91 31 186.443
93 0 155.367
93 1 143.185
93 2 166.046
93 3 164.69
93 4 153.544
93 5 172.131
93 6 149.656
93 7 160.402
93 8 144.142
93 9 140.938
93 10 155.38
93 11 145.62
93 12 142.696
93 13 148.408
93 14 159.576
93 15 156.854
93 16 163.173
93 17 155.646
93 18 143.611
93 19 148.123
93 20 163.009
93 21 160.808
93 22 134.735
93 23 153.88
93 24 155.05
93 25 134.971
93 26 139.514
93 27 149.47
93 28 139.474
93 29 160.377
93 30 155.241
93 31 159.257
94 0 112.227
94 1 113.773
94 2 124.486
94 3 130.715
94 4 139.949
94 5 106.536
94 6 100.458
94 7 103.193
94 8 120.107
94 9 92.5977
94 10 119.079
94 11 106.236
94 12 98.3563
94 13 101.321
94 14 107.77
94 15 84.7283
94 16 107.295
94 17 113.312
94 18 102.492
94 19 108.042
94 20 112.069
94 21 102.959
94 22 105.555
94 23 102.791
94 24 91.9105
94 25 109.37
94 26 96.2863
94 27 102.603
94 28 102.161
94 29 102.658
94 30 114.806
94 31 128.125
95 0 155.194
95 1 168.425
95 2 185.774
95 3 188.964
95 4 189.066
95 5 177.862
95 6 162.472
95 7 162.663
95 8 161.421
95 9 183.029
95 10 171.667
95 11 173.065
95 12 177.275
95 13 174.261
95 14 169.099
95 15 165.691
95 16 170.868
95 17 167.785
95 18 170.957
95 19 177.263
95 20 168.958
95 21 172.023
95 22 163.736
95 23 166.827
95 24 178.522
95 25 169.628
95 26 160.425
95 27 173.986
95 28 175.944
95 29 157.545
95 30 155.497
95 31 168.778
97 0 168.293
97 1 155.059
97 2 173.118
97 3 170.497
97 4 171.727
97 5 154.761
97 6 156.984
97 7 155.485
97 8 164.078
97 9 167.648
97 10 167.732
97 11 162.369
97 12 147.136
97 13 154.326
97 14 146.277
97 15 172.195
97 16 165.802
97 17 157.989
97 18 146.385
97 19 159.002
97 20 157.391
97 21 160.127
97 22 160.407
97 23 148.622
97 24 143.559
97 25 151.851
97 26 151.014
97 27 156.577
97 28 167.388
97 29 158.466
97 30 155.645
97 31 162.875
98 0 165.716
98 1 169.029
98 2 173.135
98 3 194.328
98 4 181.627
98 5 172.723
98 6 175.128
98 7 163.397
98 8 165.888
98 9 155.277
98 10 157.778
98 11 166.765
98 12 166.225
98 13 159.015
98 14 163.153
98 15 173.192
98 16 162.378
98 17 157.396
98 18 154.058
98 19 177.035
98 20 163.282
98 21 153.323
98 22 159.102
98 23 154.134
98 24 157.373
98 25 174.28
98 26 152.884
98 27 162.53
98 28 160.507
98 29 157.006
98 30 161.401
98 31 163.821
99 0 140.248
99 1 138.79
99 2 133.679
99 3 143.204
99 4 143.991
99 5 152.529
99 6 151.047
99 7 155.753
99 8 150.182
99 9 146.745
99 10 140.764
99 11 156.776
99 12 134.29
99 13 137.532
99 14 141.78
99 15 150.106
99 16 134.124
99 17 158.147
99 18 150.835
99 19 141.237
99 20 132.935
99 21 152.819
99 22 151.806
99 23 137.414
99 24 129.438
99 25 144.569
99 26 145.165
99 27 151.46
99 28 134.812
99 29 129.206
99 30 149.783
99 31 148.19
100 0 172.276
100 1 205.717
100 2 196.903
100 3 199.742
100 4 201.838
100 5 200.344
100 6 201.242
100 7 205.186
100 8 191.007
100 9 202.11
100 10 200.967
100 11 193.829
100 12 201.385
100 13 179.718
100 14 180.833
100 15 200.889
100 16 190.098
100 17 198.336
100 18 203.347
100 19 183.303
100 20 188.644
100 21 189.787
100 22 181.867
100 23 186.186
100 24 198.2
100 25 183.206
100 26 185.565
100 27 195.714
100 28 187.68
100 29 198.238
100 30 187.157
100 31 180.84
101 0 113.327
101 1 125.171
101 2 128.165
101 3 123.986
101 4 132.322
101 5 138.018
101 6 134.258
101 7 100.649
101 8 126.417
101 9 121.12
101 10 131.33
101 11 123.521
101 12 116.571
101 13 123.911
101 14 119.811
101 15 115.854
101 16 118.013
101 17 113.473
101 18 125.809
101 19 123.914
101 20 124.273
101 21 114.406
101 22 128.493
101 23 113.867
101 24 121.911
101 25 120.849
101 26 118.558
101 27 131.104
101 28 118.318
101 29 125.227
101 30 119.379
101 31 105.525
102 0 122.92
102 1 106.414
102 2 125.334
102 3 116.434
102 4 110.689
102 5 102.078
102 6 140.049
102 7 121.932
102 8 114.711
102 9 118.148
102 10 97.895
102 11 108.261
102 12 102.857
102 13 109.243
102 14 124.059
102 15 113.818
102 16 102.877
102 17 113.478
102 18 99.2313
102 19 107.03
102 20 104.261
102 21 105.427
102 22 105.839
102 23 100.751
102 24 106.487
102 25 107.462
102 26 113.864
102 27 108.878
102 28 110.869
102 29 109.587
102 30 97.6479
102 31 119.794
103 0 185.513
103 1 189.003
103 2 209.614
103 3 195.764
103 4 197.091
103 5 191.523
103 6 192.37
103 7 179.534
103 8 183.836
103 9 175.7
103 10 189.021
103 11 190.33
103 12 191.511
103 13 180.35
103 14 183.617
103 15 180.62
103 16 189.006
103 17 176.048
103 18 195.194
103 19 183.897
103 20 193.947
103 21 199.869
103 22 192.132
103 23 179.373
103 24 179.025
103 25 180.312
103 26 192.528
103 27 188.337
103 28 190.062
103 29 193.19
103 30 188.495
103 31 198.154
104 0 137.985
104 1 143.469
104 2 152.775
104 3 160.691
104 4 140.463
104 5 155.02
104 6 150.169
104 7 154
104 8 155.315
104 9 149.136
104 10 155.043
104 11 149.455
104 12 148.681
104 13 158.208
104 14 141.122
104 15 142.605
104 16 159.745
104 17 142.701
104 18 145.465
104 19 143.317
104 20 151.026
104 21 130.889
104 22 146.956
104 23 149.566
104 24 127.918
104 25 122.359
104 26 127.769
104 27 139.712
104 28 160.98
104 29 141.719
104 30 140.527
104 31 140.413
131 0 167.605
131 1 168.543
131 2 184.856
131 3 189.012
131 4 189.876
131 5 189.777
131 6 192.722
131 7 176.92
131 8 180.509
131 9 186.918
131 10 194.075
131 11 179.311
131 12 193.511
131 13 170.958
131 14 195.82
131 15 187.271
131 16 181.74
131 17 184.049
131 18 185.47
131 19 190.6
131 20 175.489
131 21 186.706
131 22 180.665
131 23 198.966
131 24 179.492
131 25 187.368
131 26 183.588
131 27 181.21
131 28 162.438
131 29 174.778
131 30 170.067
131 31 175.356
132 0 259.837
132 1 263.656
132 2 253.18
132 3 287.149
132 4 262.151
132 5 258.259
132 6 258.802
132 7 268.035
132 8 267.798
132 9 260.53
132 10 270.351
132 11 267.902
132 12 245.033
132 13 243.474
132 14 257.79
132 15 252.655
132 16 244.5
132 17 267.577
132 18 274.913
132 19 256.72
132 20 264.502
132 21 253.854
132 22 248.792
132 23 244.136
132 24 258.509
132 25 262.089
132 26 260.375
132 27 249.136
132 28 263.71
132 29 262.021
132 30 268.043
132 31 256.56
133 0 162.831
133 1 169.138
133 2 179.754
133 3 189.128
133 4 189.158
133 5 178.651
133 6 176.588
133 7 172.34
133 8 166.736
133 9 157.284
133 10 178.968
133 11 180.434
133 12 172.212
133 13 181.268
133 14 174.56
133 15 169.563
133 16 161.926
133 17 184.99
133 18 178.455
133 19 168.114
133 20 175.558
133 21 176.649
133 22 167.434
133 23 174.517
133 24 171.439
133 25 177.014
133 26 184.086
133 27 174.652
133 28 173.758
133 29 167.138
133 30 184.074
133 31 179.721
134 0 161.148
134 1 191.629
134 2 177.104
134 3 175.613
134 4 162.288
134 5 176.455
134 6 191.474
134 7 179.008
134 8 174.276
134 9 170.574
134 10 172.56
134 11 187.228
134 12 173.918
134 13 160.251
134 14 165.337
134 15 162.979
134 16 164.638
134 17 173.934
134 18 159.262
134 19 167.845
134 20 171.262
134 21 168.717
134 22 156.695
134 23 156.989
134 24 151.216
134 25 149.444
134 26 170.919
134 27 154.218
134 28 168.474
134 29 162.209
134 30 148.197
134 31 159.929
135 0 172.312
135 1 188.666
135 2 194.291
135 3 189.589
135 4 196.819
135 5 191.237
135 6 193.239
135 7 192.704
135 8 179.21
135 9 192.122
135 10 197.915
135 11 184.994
135 12 175.864
135 13 193.561
135 14 194.821
135 15 179.237
135 16 193.06
135 17 169.987
135 18 188.646
135 19 188.911
135 20 178.75
135 21 164.917
135 22 176.584
135 23 181.396
135 24 174.357
135 25 174.929
135 26 189.252
135 27 164.286
135 28 176.192
135 29 179.968
135 30 171.9
135 31 167.044
136 0 157.11
136 1 137.401
136 2 153.383
136 3 160.163
136 4 167.437
136 5 149.268
136 6 155.99
136 7 144.517
136 8 137.926
136 9 136.702
136 10 151.38
136 11 144.859
136 12 157.085
136 13 144.833
136 14 146.96
136 15 146.762
136 16 125.815
136 17 148.171
136 18 140.653
136 19 156.027
136 20 149.823
136 21 143.75
136 22 156.716
136 23 138.234
136 24 148.902
136 25 129.57
136 26 144.554
136 27 125.528
136 28 145.492
136 29 144.599
136 30 137.283
136 31 154.81
143 0 151.959
143 1 153.58
143 2 151.37
143 3 151.246
143 4 141.642
143 5 136.165
143 6 134.45
143 7 148.274
143 8 132.643
143 9 145.284
143 10 145.914
143 11 140.512
143 12 151.351
143 13 151.71
143 14 138.981
143 15 147.797
143 16 118.347
143 17 158.03
143 18 140.849
143 19 125.139
143 20 142.84
143 21 132.681
143 22 155.745
143 23 141.105
143 24 145.875
143 25 136.202
143 26 138.996
143 27 135.584
143 28 133.029
143 29 134.102
143 30 146.559
143 31 124.888
146 0 119.975
146 1 141.238
146 2 140.408
146 3 142.826
146 4 139.935
146 5 125.932
146 6 139.888
146 7 134.325
146 8 131.237
146 9 142.767
146 10 116.492
146 11 132.759
146 12 129.471
146 13 118.725
146 14 143.787
146 15 134.091
146 16 138.958
146 17 130.144
146 18 134.033
146 19 145.904
146 20 126.781
146 21 136.102
146 22 139.544
146 23 133.706
146 24 124.843
146 25 133.064
146 26 111.77
146 27 134.46
146 28 117.016
146 29 131.079
146 30 135.747
146 31 134.045
147 0 162.918
147 1 185.278
147 2 196.022
147 3 181.917
147 4 183.945
147 5 184.557
147 6 177.769
147 7 173.321
147 8 177.492
147 9 177.342
147 10 150.518
147 11 178.552
147 12 171.513
147 13 168.702
147 14 160.393
147 15 170.829
147 16 167.538
147 17 165.617
147 18 171.714
147 19 164.379
147 20 171.959
147 21 156.478
147 22 158.579
147 23 168.435
147 24 171.013
147 25 162.668
147 26 177.944
147 27 166.379
147 28 169.539
147 29 169.322
147 30 183.628
147 31 183.894
149 0 155.264
149 1 164.84
149 2 179.08
149 3 183.839
149 4 180.861
149 5 169.493
149 6 181.554
149 7 180.875
149 8 169.842
149 9 170.931
149 10 168.014
149 11 175.546
149 12 157.783
149 13 164.576
149 14 182.228
149 15 176.031
149 16 160.817
149 17 153.582
149 18 170.345
149 19 171.183
149 20 161.566
149 21 173.655
149 22 168.673
149 23 174.358
149 24 152.827
149 25 157.487
149 26 166.951
149 27 149.364
149 28 142.635
149 29 159.477
149 30 176.377
149 31 142.604
150 0 160.454
150 1 186.006
150 2 170.536
150 3 159.78
150 4 182.3
150 5 173.815
150 6 164.161
150 7 176.781
150 8 159.392
150 9 156.498
150 10 163.252
150 11 159.148
150 12 160.369
150 13 169.597
150 14 170.751
150 15 162.513
150 16 165.316
150 17 154.051
150 18 161.201
150 19 149.534
150 20 163.377
150 21 150.684
150 22 157.064
150 23 165.307
150 24 162.028
150 25 166.853
150 26 161.439
150 27 141.924
150 28 144.899
150 29 161.522
150 30 163.625
150 31 150.489
151 0 199.094
151 1 218.398
151 2 236.686
151 3 228.736
151 4 235.507
151 5 204.509
151 6 227.18
151 7 223.649
151 8 218.361
151 9 193.644
151 10 221.252
151 11 226.125
151 12 207.078
151 13 216.504
151 14 208.108
151 15 236.885
151 16 200.072
151 17 220.729
151 18 216.259
151 19 198.824
151 20 217.687
151 21 198.756
151 22 205.242
151 23 210.99
151 24 200.373
151 25 218.293
151 26 215.153
151 27 204.863
151 28 210.701
151 29 221.389
151 30 204.86
151 31 215.367
152 0 144.717
152 1 148.756
152 2 161.064
152 3 144.447
152 4 143.417
152 5 146.663
152 6 146.539
152 7 155.222
152 8 146.836
152 9 142.168
152 10 144.293
152 11 144.261
152 12 145.839
152 13 116.143
152 14 157.79
152 15 149.286
152 16 143.242
152 17 138.155
152 18 138.872
152 19 149.757
152 20 155.102
152 21 129.123
152 22 147.212
152 23 144.969
152 24 137.333
152 25 136.167
152 26 136.832
152 27 127.145
152 28 136.645
152 29 147.709
152 30 127.065
152 31 145.765
153 0 217.008
153 1 207.703
153 2 207.692
153 3 217.845
153 4 226.574
153 5 202.164
153 6 227.596
153 7 215.507
153 8 205.52
153 9 206.149
153 10 201.513
153 11 225.572
153 12 210.314
153 13 199.699
153 14 206.863
153 15 206.665
153 16 213.832
153 17 210.705
153 18 205.998
153 19 215.717
153 20 204.297
153 21 208.696
153 22 195.389
153 23 204.719
153 24 184.803
153 25 208.861
153 26 204.691
153 27 201.44
153 28 197.548
153 29 201.444
153 30 186.31
153 31 215.423
155 0 80.6956
155 1 88.5945
155 2 90.3038
155 3 82.3942
155 4 104.33
155 5 87.0314
155 6 97.8356
155 7 102.56
155 8 75.7103
155 9 92.615
155 10 103.775
155 11 75.1141
155 12 90.5239
155 13 103.719
155 14 85.025
155 15 92.2531
155 16 83.8837
155 17 100.567
155 18 71.7609
155 19 83.335
155 20 66.9529
155 21 66.9608
155 22 86.1905
155 23 92.6869
155 24 72.2361
155 25 93.6761
155 26 66.5729
155 27 75.3383
155 28 75.3752
155 29 72.8209
155 30 71.773
155 31 64.0739
156 0 168.91
156 1 175.713
156 2 199.551
156 3 200.298
156 4 193.086
156 5 187.458
156 6 189.418
156 7 183.581
156 8 173.661
156 9 194.579
156 10 174.183
156 11 181.244
156 12 188.813
156 13 186.438
156 14 203.989
156 15 194.323
156 16 176.519
156 17 173.22
156 18 189.929
156 19 178.066
156 20 187.102
156 21 187.134
156 22 187.27
156 23 176.384
156 24 168.811
156 25 175.104
156 26 185.842
156 27 185.573
156 28 178.698
156 29 165.554
156 30 165.926
156 31 176.948
157 0 175.485
157 1 200.278
157 2 192.181
157 3 188.346
157 4 185.759
157 5 198.732
157 6 178.987
157 7 203.407
157 8 198.147
157 9 187.831
157 10 186.497
157 11 191.287
157 12 190.981
157 13 174.257
157 14 168.047
157 15 170.568
157 16 187.996
157 17 182.89
157 18 179.222
157 19 176.872
157 20 182.34
157 21 169.62
157 22 166.777
157 23 173.189
157 24 178.675
157 25 174.961
157 26 172.696
157 27 181.28
157 28 176.54
157 29 175.661
157 30 162.921
157 31 174.004
158 0 185.707
158 1 190.471
158 2 199.779
158 3 194.886
158 4 198.147
158 5 200.717
158 6 192.212
158 7 205.232
158 8 190.977
158 9 191.737
158 10 198.856
158 11 190.837
158 12 197.697
158 13 185.97
158 14 202.837
158 15 193.286
158 16 173.608
158 17 185.635
158 18 193.256
158 19 176.529
158 20 187.834
158 21 184.529
158 22 173.409
158 23 176.641
158 24 196.22
158 25 188.654
158 26 188.638
158 27 176.828
158 28 199.579
158 29 189.365
158 30 183.047
158 31 178.505
159 0 89.9057
159 1 81.6507
159 2 89.6856
159 3 80.195
159 4 92.9275
159 5 91.1365
159 6 103.736
159 7 90.1082
159 8 71.6465
159 9 99.3299
159 10 101.091
159 11 85.8837
159 12 94.3714
159 13 95.1018
159 14 74.3709
159 15 76.253
159 16 84.1941
159 17 78.3223
159 18 85.0792
159 19 83.1407
159 20 75.996
159 21 76.4867
159 22 81.2881
159 23 75.7425
159 24 76.2665
159 25 86.847
159 26 85.599
159 27 66.3346
159 28 81.9427
159 29 68.1282
159 30 66.9624
159 31 78.0178
160 0 158.687
160 1 190.364
160 2 176.695
160 3 168.324
160 4 181.747
160 5 172.803
160 6 168.817
160 7 188.076
160 8 163.116
160 9 165.81
160 10 168.094
160 11 165.842
160 12 163.53
160 13 170.748
160 14 179.666
160 15 175.462
160 16 175.504
160 17 171.669
160 18 191.111
160 19 157.886
160 20 178.647
160 21 169.296
160 22 164.578
160 23 163.364
160 24 172.313
160 25 169.028
160 26 191.436
160 27 169.995
160 28 165.53
160 29 174.804
160 30 160.612
160 31 152.85
162 0 198.715
162 1 193.308
162 2 207.744
162 3 208.607
162 4 209.336
162 5 205.522
162 6 213.371
162 7 200.81
162 8 207.866
162 9 216.234
162 10 196.848
162 11 203.515
162 12 205.624
162 13 211.195
162 14 210.014
162 15 186.279
162 16 190.677
162 17 208.981
162 18 204.108
162 19 202.211
162 20 194.773
162 21 216.645
162 22 214.648
162 23 208.884
162 24 196.604
162 25 207.398
162 26 205.23
162 27 210.465
162 28 191.602
162 29 212.293
162 30 210.933
162 31 197.133
182 0 198.806
182 1 199.917
182 2 220.859
182 3 210.755
182 4 215.684
182 5 217.653
182 6 202.023
182 7 231.633
182 8 213.868
182 9 198.238
182 10 207.649
182 11 217.939
182 12 205.301
182 13 216.174
182 14 206.31
182 15 199.56
182 16 205.28
182 17 211.278
182 18 208.74
182 19 200.179
182 20 192.333
182 21 190.679
182 22 200.171
182 23 191.89
182 24 185.576
182 25 198.568
182 26 200.678
182 27 221.301
182 28 200.363
182 29 205.882
182 30 198.578
182 31 193.036
200 0 167.626
200 1 181.699
200 2 201.197
200 3 203.058
200 4 190.757
200 5 194.53
200 6 187.335
200 7 204.213
200 8 183.641
200 9 192.654
200 10 187.217
200 11 189.671
200 12 176.26
200 13 215.56
200 14 216.328
200 15 203.762
200 16 193.764
200 17 196.086
200 18 186.584
200 19 204.675
200 20 177.913
200 21 193.609
200 22 185.007
200 23 215.223
200 24 192.779
200 25 175.982
200 26 186.37
200 27 193.687
200 28 199.904
200 29 182.25
200 30 203.749
200 31 193.608
204 0 145.076
204 1 154.163
204 2 146.579
204 3 163.173
204 4 157.803
204 5 148.458
204 6 167.052
204 7 159.385
204 8 154.013
204 9 155.659
204 10 143.99
204 11 158.13
204 12 162.189
204 13 163.466
204 14 151.414
204 15 134.203
204 16 149.052
204 17 154.51
204 18 144.485
204 19 158.688
204 20 164.575
204 21 151.306
204 22 162.743
204 23 148.912
204 24 135.858
204 25 152.204
204 26 137.093
204 27 159.339
204 28 153.356
204 29 156.18
204 30 167.649
204 31 158.605
206 0 178.783
206 1 180.024
206 2 200.426
206 3 168.746
206 4 184.111
206 5 174.45
206 6 182.46
206 7 176.74
206 8 163.089
206 9 188.933
206 10 166.518
206 11 177.46
206 12 191.455
206 13 179.389
206 14 168.214
206 15 167.282
206 16 177.053
206 17 174.652
206 18 163.929
206 19 176.881
206 20 175.627
206 21 162.985
206 22 142.029
206 23 167.359
206 24 178.31
206 25 150.209
206 26 172.664
206 27 172.613
206 28 151.39
206 29 166.541
206 30 153.781
206 31 181.07
220 0 91.4804
220 1 91.6256
220 2 110.389
220 3 105.492
220 4 109.547
220 5 120.713
220 6 120.509
220 7 109.772
220 8 96.3143
220 9 100.782
220 10 103.19
220 11 96.0245
220 12 103.208
220 13 102.032
220 14 111.691
220 15 108.459
220 16 102.095
220 17 81.5754
220 18 106.311
220 19 103.079
220 20 95.3335
220 21 115.819
220 22 94.476
220 23 79.7782
220 24 97.8946
220 25 89.4199
220 26 108.826
220 27 87.4871
220 28 86.9481
220 29 91.2652
220 30 98.6198
220 31 119.51
222 0 146.758
222 1 149.303
222 2 154.786
222 3 152.409
222 4 141.631
222 5 145.368
222 6 146.936
222 7 152.748
222 8 136.054
222 9 149.757
222 10 154.208
222 11 153.399
222 12 144.146
222 13 136.219
222 14 136.798
222 15 156.335
222 16 153.737
222 17 135.885
222 18 123.576
222 19 154.439
222 20 151.011
222 21 138.541
222 22 138.403
222 23 131.907
222 24 141.347
222 25 140.158
222 26 145.153
222 27 143.799
222 28 148.562
222 29 159.165
222 30 149.59
222 31 139.245
238 0 91.1891
238 1 116.663
238 2 97.9019
238 3 113.026
238 4 114.419
238 5 81.3391
238 6 113.944
238 7 111.411
238 8 114.329
238 9 109.06
238 10 107.43
238 11 96.4889
238 12 100.021
238 13 116.413
238 14 105.674
238 15 107.356
238 16 100.031
238 17 98.6474
238 18 106.554
238 19 108.617
238 20 87.7589
238 21 99.9348
238 22 98.4613
238 23 95.8115
238 24 105.186
238 25 89.7672
238 26 80.855
238 27 93.1318
238 28 89.6299
238 29 86.6641
238 30 84.1362
238 31 96.7765
19 0 214.826
19 1 244.831
19 2 243.839
19 3 261.847
19 4 237.626
19 5 246.236
19 6 231.495
19 7 244.583
19 8 212.874
19 9 239.012
19 10 237.18
19 11 226.012
19 12 231.993
19 13 225.752
19 14 234.868
19 15 223.187
19 16 244.069
19 17 234.484
19 18 234.716
19 19 220.288
19 20 243.752
19 21 222.35
19 22 231.923
19 23 226.878
19 24 245.816
19 25 227.421
19 26 240.911
19 27 206.37
19 28 219.425
19 29 217.116
19 30 227.796
19 31 236.804
42 0 172.137
42 1 195.057
42 2 193.6
42 3 205.486
42 4 205.288
42 5 205.374
42 6 209.385
42 7 209.372
42 8 184.292
42 9 196.352
42 10 197.584
42 11 209.639
42 12 186.331
42 13 173.462
42 14 186.406
42 15 181.242
42 16 202.299
42 17 193.436
42 18 187.589
42 19 190.14
42 20 198.938
42 21 189.687
42 22 198.437
42 23 189.365
42 24 181.742
42 25 203.659
42 26 192.186
42 27 203.767
42 28 177.532
42 29 191.243
42 30 192.621
42 31 178.678
45 0 152.521
45 1 173.898
45 2 163.939
45 3 179.523
45 4 181.524
45 5 170.155
45 6 163.102
45 7 184.247
45 8 166.517
45 9 165.101
45 10 158.418
45 11 157.956
45 12 179.794
45 13 157.923
45 14 170.113
45 15 168.238
45 16 156.496
45 17 173.042
45 18 145.927
45 19 166.719
45 20 167.766
45 21 160.083
45 22 159.796
45 23 144.349
45 24 146.403
45 25 158.857
45 26 151.561
45 27 156.278
45 28 169.401
45 29 155.558
45 30 170.387
45 31 156.024
80 0 143.749
80 1 178.559
80 2 186.1
80 3 175.428
80 4 166.752
80 5 180.315
80 6 175.231
80 7 162.247
80 8 207.417
80 9 165.192
80 10 171.896
80 11 174.583
80 12 171.878
80 13 180.444
80 14 157.317
80 15 157.236
80 16 179.967
80 17 165.307
80 18 159.23
80 19 174.482
80 20 165.146
80 21 166.885
80 22 161.751
80 23 157.721
80 24 153.303
80 25 150.406
80 26 148.245
80 27 165.344
80 28 158.524
80 29 143.741
80 30 166.002
80 31 159.756
130 0 215.812
130 1 213.638
130 2 221.4
130 3 219.562
130 4 215.315
130 5 200.453
130 6 218.006
130 7 222.573
130 8 217.239
130 9 212.996
130 10 216.056
130 11 219.531
130 12 213.673
130 13 215.732
130 14 226.271
130 15 212.007
130 16 219.224
130 17 215.008
130 18 187.278
130 19 213.429
130 20 204.836
130 21 220.989
130 22 222.445
130 23 210.481
130 24 205.446
130 25 214.956
130 26 206.362
130 27 208.15
130 28 205.437
130 29 219.087
130 30 203.562
130 31 217.939
138 0 145.038
138 1 130.811
138 2 149.772
138 3 135.776
138 4 142.502
138 5 150.132
138 6 136.923
138 7 140.811
138 8 141.295
138 9 122.853
138 10 129.277
138 11 124.125
138 12 146.452
138 13 147.713
138 14 125.355
138 15 139.575
138 16 128.193
138 17 139.393
138 18 125.517
138 19 153.583
138 20 143.464
138 21 133.599
138 22 139.248
138 23 146.79
138 24 139.909
138 25 127.635
138 26 141.882
138 27 145.356
138 28 139.218
138 29 149.219
138 30 134.801
138 31 128.497
148 0 156.733
148 1 178.453
148 2 155.896
148 3 170.267
148 4 173.904
148 5 170.389
148 6 174.25
148 7 168.571
148 8 163.393
148 9 178.896
148 10 174.656
148 11 171.061
148 12 183.302
148 13 167.6
148 14 149.494
148 15 162.426
148 16 169.926
148 17 174.731
148 18 162.531
148 19 185.447
148 20 162.01
148 21 158.98
148 22 164.265
148 23 156.57
148 24 156.584
148 25 163.832
148 26 166.859
148 27 160.218
148 28 164.3
148 29 172.266
148 30 163.618
148 31 175.842
163 0 143.977
163 1 141.054
163 2 140.215
163 3 135.606
163 4 147.45
163 5 128.915
163 6 132.765
163 7 145.279
163 8 130.546
163 9 127.413
163 10 120.353
163 11 136.477
163 12 132.559
163 13 125.915
163 14 151.737
163 15 134.664
163 16 146.604
163 17 136.034
163 18 147.045
163 19 135.682
163 20 134.161
163 21 140.239
163 22 139.36
163 23 148.858
163 24 136.803
163 25 114.647
163 26 137.247
163 27 131.451
163 28 136.675
163 29 135.516
163 30 124.924
163 31 123.838
164 0 152.607
164 1 153.982
164 2 141.93
164 3 176.902
164 4 148.288
164 5 159.032
164 6 164.506
164 7 174.58
164 8 161.112
164 9 159.529
164 10 149.045
164 11 155.651
164 12 165.513
164 13 153.283
164 14 132.145
164 15 152.976
164 16 156.893
164 17 162.844
164 18 160.732
164 19 167.044
164 20 149.022
164 21 142.947
164 22 160.336
164 23 155.439
164 24 151.518
164 25 137.833
164 26 171.415
164 27 162.925
164 28 151.618
164 29 137.509
164 30 143.64
164 31 158.132
165 0 165.006
165 1 190.818
165 2 183.531
165 3 193.716
165 4 191.645
165 5 177.938
165 6 189.376
165 7 188.467
165 8 173.306
165 9 186.278
165 10 193.641
165 11 193.472
165 12 171.844
165 13 167.516
165 14 180.936
165 15 185.748
165 16 187.789
165 17 188.362
165 18 185.609
165 19 180.074
165 20 159.016
165 21 180.011
165 22 179.719
165 23 173.082
165 24 177.564
165 25 189.278
165 26 183.229
165 27 161.558
165 28 184.318
165 29 171.03
165 30 191.558
165 31 192.111
174 0 189.308
174 1 210.028
174 2 207.7
174 3 202.548
174 4 183.186
174 5 210.236
174 6 192.919
174 7 208.578
174 8 212.071
174 9 208.789
174 10 193.369
174 11 199.224
174 12 214.128
174 13 198.13
174 14 210.158
174 15 194.231
174 16 196.116
174 17 197.865
174 18 207.668
174 19 199.905
174 20 207.664
174 21 201.647
174 22 200.806
174 23 198.917
174 24 183.176
174 25 188.471
174 26 185.76
174 27 183.407
174 28 202.917
174 29 204.133
174 30 206.299
174 31 208.028
120 0 202.367
120 1 206.944
120 2 225.91
120 3 207.169
120 4 198.869
120 5 214.701
120 6 210.699
120 7 227.481
120 8 203.689
120 9 205.622
120 10 185.796
120 11 215.448
120 12 205.615
120 13 205.248
120 14 196.672
120 15 183.73
120 16 196.996
120 17 205.113
120 18 196.317
120 19 207.034
120 20 197.954
120 21 211.431
120 22 216.845
120 23 204.088
120 24 198.068
120 25 194.903
120 26 218.585
120 27 215.036
120 28 216.105
120 29 201.079
120 30 193.233
120 31 204.466
197 0 130.982
197 1 158.2
197 2 154.114
197 3 153.955
197 4 160.996
197 5 154.195
197 6 140.916
197 7 143.208
197 8 153.72
197 9 150.849
197 10 149.743
197 11 149.467
197 12 148.558
197 13 142.556
197 14 131.724
197 15 135.879
197 16 148.953
197 17 153.808
197 18 150.92
197 19 147.774
197 20 141.286
197 21 135.864
197 22 138.741
197 23 140.565
197 24 147.652
197 25 139.231
197 26 153.538
197 27 135.786
197 28 153.434
197 29 125.865
197 30 144.463
197 31 142.531
198 0 155.014
198 1 176.758
198 2 167.147
198 3 174.003
198 4 162.672
198 5 174.367
198 6 161.956
198 7 161.904
198 8 166.332
198 9 168.494
198 10 175.747
198 11 156.31
198 12 177.135
198 13 170.49
198 14 146.689
198 15 180.176
198 16 162.862
198 17 162.847
198 18 158.195
198 19 170.366
198 20 162.742
198 21 157.919
198 22 159.73
198 23 144.01
198 24 162.454
198 25 157.594
198 26 156.995
198 27 160.626
198 28 158.192
198 29 175.183
198 30 159.973
198 31 156.225
199 0 189.752
199 1 184.753
199 2 188.121
199 3 198.695
199 4 191.485
199 5 201.978
199 6 186.627
199 7 188.733
199 8 187.011
199 9 176.013
199 10 173.769
199 11 165.353
199 12 187.178
199 13 171.592
199 14 204.993
199 15 188.23
199 16 185.41
199 17 191.132
199 18 190.662
199 19 195.906
199 20 179.86
199 21 168.914
199 22 172.072
199 23 177.345
199 24 183.952
199 25 187.483
199 26 173.209
199 27 187.032
199 28 194.861
199 29 187.091
199 30 178.31
199 31 184.058
202 0 178.526
202 1 194.686
202 2 182.074
202 3 194.361
202 4 183.678
202 5 189.93
202 6 190.262
202 7 189.84
202 8 161.342
202 9 178.101
202 10 180.274
202 11 192.591
202 12 187.926
202 13 183.905
202 14 184.585
202 15 195.879
202 16 184.008
202 17 188.27
202 18 187.661
202 19 180.392
202 20 191.67
202 21 184.66
202 22 189.216
202 23 195.016
202 24 180.214
202 25 170.98
202 26 163.7
202 27 185.664
202 28 193.463
202 29 182.487
202 30 185.458
202 31 202.389
203 0 227.249
203 1 241.266
203 2 258.342
203 3 266.102
203 4 250.583
203 5 239.822
203 6 244.887
203 7 246.127
203 8 261.511
203 9 253.83
203 10 237.456
203 11 242.684
203 12 232.815
203 13 236.592
203 14 223.512
203 15 255.226
203 16 243.576
203 17 234.538
203 18 229.828
203 19 250.494
203 20 235.782
203 21 254.553
203 22 238.354
203 23 225.079
203 24 249.412
203 25 232.737
203 26 239.989
203 27 234.355
203 28 247.865
203 29 241.248
203 30 259.462
203 31 246.351
207 0 175.63
207 1 180.26
207 2 182.184
207 3 165.912
207 4 177.177
207 5 169.292
207 6 172.454
207 7 175.041
207 8 172.981
207 9 185.865
207 10 179.006
207 11 169.349
207 12 173.961
207 13 156.141
207 14 163.157
207 15 164.774
207 16 175.479
207 17 164.061
207 18 176.746
207 19 160.924
207 20 164.701
207 21 154.379
207 22 163.432
207 23 167.972
207 24 153.786
207 25 170.574
207 26 155.18
207 27 179.135
207 28 153.932
207 29 176.022
207 30 151.005
207 31 163.418
24 0 163.514
24 1 182.853
24 2 185.925
24 3 199.01
24 4 181.424
24 5 195.244
24 6 175.562
24 7 172.574
24 8 189.919
24 9 202.413
24 10 175.118
24 11 176.632
24 12 181
24 13 170.298
24 14 183.35
24 15 190.041
24 16 169.425
24 17 158.49
24 18 181.257
24 19 167.32
24 20 187.742
24 21 169.964
24 22 166.521
24 23 182.765
24 24 170.192
24 25 170.979
24 26 159.436
24 27 164.663
24 28 179.007
24 29 179.465
24 30 171.927
24 31 186.056
33 0 177.725
33 1 210.928
33 2 185.533
33 3 210.289
33 4 207.758
33 5 197.218
33 6 210.377
33 7 201.451
33 8 211.036
33 9 224.041
33 10 208.706
33 11 223.376
33 12 212.479
33 13 211.1
33 14 206.071
33 15 203.525
33 16 203.184
33 17 196.339
33 18 205.691
33 19 198.608
33 20 205.387
33 21 194.536
33 22 200.759
33 23 195.977
33 24 191.385
33 25 199.474
33 26 197.173
33 27 188.4
33 28 205.53
33 29 177.391
33 30 208.863
33 31 176.404
34 0 181.176
34 1 203.224
34 2 205.751
34 3 202.562
34 4 191.676
34 5 192.792
34 6 194.189
34 7 200.525
34 8 199.678
34 9 195.253
34 10 177.235
34 11 198.98
34 12 209.017
34 13 197.239
34 14 201.204
34 15 196.358
34 16 191.894
34 17 189.92
34 18 198.048
34 19 189.713
34 20 194.867
34 21 180.738
34 22 190.039
34 23 199.99
34 24 188.463
34 25 192.451
34 26 172.447
34 27 170.39
34 28 182.354
34 29 173.608
34 30 193.687
34 31 155.697
56 0 164.241
56 1 167.231
56 2 183.295
56 3 159.367
56 4 154.255
56 5 179.916
56 6 168.253
56 7 164.808
56 8 167.44
56 9 165.065
56 10 158.303
56 11 156.659
56 12 164.731
56 13 160.561
56 14 163.577
56 15 175.234
56 16 172.799
56 17 156.349
56 18 163.066
56 19 156.431
56 20 154.656
56 21 168.998
56 22 163.303
56 23 143.191
56 24 148.478
56 25 154.499
56 26 149.285
56 27 157.156
56 28 147.454
56 29 135.662
56 30 152.022
56 31 164.705
57 0 129.231
57 1 132.407
57 2 137.147
57 3 142.217
57 4 141.58
57 5 136.38
57 6 143.915
57 7 130.336
57 8 133.292
57 9 141.718
57 10 150.498
57 11 122.698
57 12 134.311
57 13 122.623
57 14 134.52
57 15 137.237
57 16 125.315
57 17 122.019
57 18 115.965
57 19 136.228
57 20 128.871
57 21 125.354
57 22 135.959
57 23 115.893
57 24 117.878
57 25 124.496
57 26 125.689
57 27 110.837
57 28 125.418
57 29 117.876
57 30 119.878
57 31 110.684
59 0 180.555
59 1 193.582
59 2 203.707
59 3 209.615
59 4 188.835
59 5 185.053
59 6 195.323
59 7 185.666
59 8 189.486
59 9 199.73
59 10 199.918
59 11 200.807
59 12 186.193
59 13 190.506
59 14 204.06
59 15 200.901
59 16 193.593
59 17 188.127
59 18 183.065
59 19 201.392
59 20 196.979
59 21 201.475
59 22 180.047
59 23 174.83
59 24 182.215
59 25 185.14
59 26 169
59 27 167.797
59 28 181.116
59 29 188.732
59 30 190.763
59 31 185.491
60 0 206.297
60 1 215.58
60 2 205.043
60 3 219.72
60 4 224.861
60 5 232.25
60 6 207.359
60 7 202.774
60 8 220.578
60 9 205.037
60 10 198.01
60 11 220.756
60 12 223.965
60 13 204.295
60 14 219.652
60 15 209.98
60 16 217.943
60 17 210.003
60 18 208.853
60 19 195.01
60 20 211.253
60 21 199.302
60 22 204.99
60 23 206.314
60 24 214.971
60 25 190.783
60 26 203.093
60 27 204.546
60 28 218.289
60 29 194.14
60 30 196.507
60 31 200.772
61 0 86.797
61 1 73.5478
61 2 91.1466
61 3 91.0478
61 4 70.568
61 5 90.5214
61 6 96.2104
61 7 71.9763
61 8 94.8672
61 9 81.8397
61 10 80.0567
61 11 85.2818
61 12 68.0849
61 13 77.7695
61 14 86.3464
61 15 91.1512
61 16 83.2007
61 17 72.2829
61 18 77.9931
61 19 79.3534
61 20 66.7195
61 21 84.7211
61 22 65.1076
61 23 80.7939
61 24 78.6524
61 25 49.5598
61 26 66.991
61 27 72.076
61 28 55.7751
61 29 59.6457
61 30 63.9327
61 31 66.586
166 0 126.42
166 1 150.368
166 2 137.643
166 3 138.981
166 4 138.02
166 5 131.332
166 6 150.264
166 7 137.795
166 8 124.884
166 9 158.013
166 10 147.105
166 11 141.094
166 12 131.085
166 13 148.486
166 14 128.492
166 15 135.133
166 16 148.686
166 17 143.247
166 18 133.754
166 19 139.912
166 20 123.378
166 21 133.587
166 22 145.809
166 23 138.578
166 24 131.746
166 25 130.988
166 26 127.71
166 27 129.17
166 28 137.287
166 29 137.319
166 30 126.639
166 31 138.145
168 0 199.074
168 1 213.339
168 2 223.224
168 3 198.793
168 4 223.205
168 5 205.031
168 6 202.637
168 7 206.96
168 8 214.235
168 9 213.655
168 10 224.199
168 11 208.352
168 12 211.802
168 13 197.192
168 14 207.96
168 15 197.847
168 16 198.55
168 17 214.297
168 18 198.817
168 19 183.308
168 20 194.323
168 21 187.353
168 22 208.295
168 23 204.451
168 24 188.207
168 25 203.384
168 26 180.323
168 27 200.622
168 28 203.962
168 29 189.772
168 30 197.327
168 31 183.04
169 0 141.754
169 1 145.246
169 2 140.058
169 3 143.391
169 4 158.615
169 5 161.367
169 6 156.165
169 7 148.733
169 8 146.122
169 9 154.608
169 10 148.679
169 11 147.175
169 12 167.049
169 13 149.655
169 14 148.931
169 15 141.168
169 16 155.651
169 17 135.828
169 18 143.351
169 19 147.839
169 20 154.838
169 21 139.208
169 22 151.626
169 23 144.698
169 24 145.699
169 25 139.302
169 26 137.495
169 27 137.711
169 28 139.19
169 29 136.392
169 30 133.823
169 31 134.946
170 0 193.329
170 1 197.339
170 2 196.438
170 3 185.094
170 4 216.64
170 5 192.879
170 6 193.224
170 7 190.849
170 8 189.526
170 9 187.565
170 10 183.591
170 11 184.944
170 12 205.655
170 13 199.879
170 14 193.976
170 15 187.072
170 16 188.232
170 17 200.536
170 18 194.372
170 19 174.583
170 20 168.215
170 21 178.505
170 22 194.458
170 23 193.721
170 24 188.335
170 25 189.939
170 26 176.837
170 27 179.045
170 28 159.682
170 29 197.977
170 30 181.989
170 31 182.927
171 0 225.754
171 1 235.68
171 2 238.714
171 3 248.889
171 4 231.918
171 5 228.748
171 6 251.514
171 7 238.599
171 8 234.257
171 9 246.382
171 10 249.618
171 11 238.94
171 12 241.538
171 13 225.366
171 14 235.719
171 15 221.934
171 16 236.155
171 17 235.497
171 18 227.195
171 19 230.836
171 20 221.665
171 21 245.15
171 22 233.112
171 23 218.047
171 24 235.056
171 25 226.767
171 26 232.26
171 27 214.379
171 28 229.258
171 29 207.515
171 30 219.163
171 31 203.38
172 0 156.636
172 1 177.077
172 2 182.161
172 3 167.37
172 4 158.674
172 5 154.721
172 6 171.408
172 7 172.306
172 8 160.52
172 9 162.548
172 10 174.798
172 11 162.779
172 12 168.138
172 13 179.183
172 14 168.362
172 15 173.812
172 16 154.355
172 17 166.91
172 18 161.281
172 19 169.703
172 20 164.02
172 21 165.637
172 22 178.716
172 23 154.018
172 24 158.187
172 25 170.173
172 26 178.943
172 27 160.709
172 28 173.208
172 29 165.085
172 30 157.918
172 31 172.232
173 0 185.79
173 1 189.158
173 2 204.832
173 3 196.957
173 4 191.632
173 5 191.429
173 6 189.522
173 7 186.269
173 8 191.58
173 9 200.251
173 10 186.559
173 11 191.864
173 12 191.447
173 13 194.539
173 14 192.264
173 15 200.154
173 16 195.597
173 17 181.51
173 18 188.604
173 19 176.048
173 20 181.013
173 21 185.873
173 22 173.341
173 23 174.986
173 24 189.284
173 25 172.675
173 26 193.771
173 27 179.24
173 28 173.796
173 29 205.663
173 30 181.574
173 31 174.388
176 0 139.981
176 1 145.608
176 2 141.309
176 3 157.615
176 4 150.649
176 5 148.387
176 6 159.767
176 7 167.76
176 8 168.09
176 9 142.42
176 10 155.861
176 11 154.157
176 12 146.983
176 13 141.366
176 14 148.008
176 15 140.044
176 16 151.69
176 17 143.828
176 18 132.124
176 19 134.595
176 20 136.316
176 21 135.628
176 22 139.183
176 23 137.597
176 24 162.616
176 25 140.78
176 26 156.471
176 27 146.363
176 28 124.333
176 29 141.499
176 30 140.695
176 31 142.363
16 0 183.7
16 1 197.532
16 2 204.811
16 3 208.079
16 4 204.691
16 5 210.997
16 6 218.186
16 7 200.336
16 8 228.521
16 9 199.894
16 10 198.538
16 11 214.099
16 12 206.875
16 13 212.15
16 14 213.147
16 15 212.698
16 16 197.718
16 17 193.488
16 18 203.658
16 19 182.326
16 20 203.208
16 21 206.31
16 22 182.637
16 23 179.496
16 24 215.174
16 25 200.331
16 26 201.099
16 27 199.384
16 28 196.058
16 29 197.711
16 30 197.511
16 31 200.656
35 0 115.307
35 1 118.463
35 2 115.197
35 3 130.634
35 4 127.193
35 5 101.662
35 6 134.502
35 7 114.155
35 8 125.471
35 9 104.827
35 10 125.812
35 11 138.715
35 12 118.224
35 13 113.466
35 14 99.4929
35 15 132.483
35 16 100.963
35 17 116.217
35 18 126.443
35 19 117.885
35 20 121.386
35 21 113.994
35 22 125.37
35 23 130.342
35 24 116.412
35 25 118.941
35 26 111.352
35 27 109.578
35 28 100.906
35 29 104.955
35 30 128.784
35 31 121.026
36 0 228.046
36 1 231.055
36 2 225.201
36 3 224.252
36 4 225.581
36 5 250.899
36 6 217.691
36 7 228.9
36 8 229.246
36 9 229.584
36 10 219.429
36 11 227.334
36 12 227.628
36 13 228.458
36 14 220.957
36 15 225.396
36 16 220.855
36 17 226.029
36 18 247.953
36 19 234.068
36 20 216.768
36 21 232.15
36 22 222.33
36 23 208.552
36 24 229.793
36 25 225.578
36 26 209.391
36 27 221.08
36 28 214.301
36 29 217.634
36 30 210.437
36 31 214.436
39 0 160.57
39 1 166.373
39 2 156.218
39 3 156.101
39 4 163.418
39 5 152.045
39 6 161.425
39 7 162.669
39 8 159.108
39 9 148.062
39 10 161.228
39 11 153.102
39 12 183.259
39 13 140.935
39 14 155.981
39 15 150.95
39 16 164.775
39 17 148.983
39 18 148.015
39 19 164.779
39 20 146.958
39 21 143.313
39 22 163.407
39 23 151.442
39 24 152.287
39 25 154.027
39 26 154.223
39 27 160.234
39 28 138.928
39 29 126.321
39 30 151.46
39 31 154.435
40 0 187.09
40 1 180.554
40 2 188.603
40 3 196.679
40 4 196.731
40 5 180.466
40 6 203.821
40 7 181.11
40 8 191.086
40 9 191.061
40 10 193.77
40 11 182.424
40 12 178.667
40 13 191.179
40 14 203.751
40 15 175.908
40 16 177.794
40 17 170.833
40 18 189.127
40 19 188.303
40 20 182.32
40 21 189.412
40 22 186.999
40 23 193.21
40 24 196.727
40 25 179.19
40 26 195.606
40 27 176.088
40 28 175.739
40 29 178.345
40 30 177.087
40 31 177.499
47 0 86.8599
47 1 101.238
47 2 95.6004
47 3 93.2291
47 4 113.91
47 5 102.282
47 6 111.439
47 7 120.522
47 8 104.554
47 9 80.5356
47 10 98.3973
47 11 89.1682
47 12 100.284
47 13 99.4617
47 14 107.796
47 15 92.8857
47 16 92.1176
47 17 106.905
47 18 84.5707
47 19 108.433
47 20 96.0513
47 21 95.5317
47 22 101.82
47 23 103.467
47 24 102.232
47 25 96.6659
47 26 93.6861
47 27 100.865
47 28 95.5011
47 29 88.7746
47 30 114.796
47 31 93.8086
48 0 167.811
48 1 180.206
48 2 192.387
48 3 170.788
48 4 176.992
48 5 157.958
48 6 167.839
48 7 184.537
48 8 174.856
48 9 170.434
48 10 181.864
48 11 175.02
48 12 187.71
48 13 171.243
48 14 163.236
48 15 180.951
48 16 163.719
48 17 170.766
48 18 176.326
48 19 177.599
48 20 167.066
48 21 167.242
48 22 175.407
48 23 165.832
48 24 173.446
48 25 167.075
48 26 169.075
48 27 182.566
48 28 162.672
48 29 180.814
48 30 163.623
48 31 175.952
49 0 217.115
49 1 238.326
49 2 232.552
49 3 239.448
49 4 242.837
49 5 233.923
49 6 208.65
49 7 232.734
49 8 237.418
49 9 228.456
49 10 230.303
49 11 224.709
49 12 229.037
49 13 217.348
49 14 206.221
49 15 229.355
49 16 224.522
49 17 229.723
49 18 236.069
49 19 234.487
49 20 215.05
49 21 236.772
49 22 206.182
49 23 220.585
49 24 228.825
49 25 215.594
49 26 210.848
49 27 215.944
49 28 212.767
49 29 239.353
49 30 234.11
49 31 213.537
50 0 194.755
50 1 207.223
50 2 207.168
50 3 189.88
50 4 193.479
50 5 211.526
50 6 198.599
50 7 195.502
50 8 193.559
50 9 202.876
50 10 191.319
50 11 203.806
50 12 193.819
50 13 194.235
50 14 191.792
50 15 187.949
50 16 192.027
50 17 192.915
50 18 196.023
50 19 200.259
50 20 184.246
50 21 208.137
50 22 189.571
50 23 191.388
50 24 175.152
50 25 183.599
50 26 196.267
50 27 188.095
50 28 180.715
50 29 202.244
50 30 193.16
50 31 207.178
51 0 124.934
51 1 141.762
51 2 154.446
51 3 135.561
51 4 150.969
51 5 144.196
51 6 145.28
51 7 136.976
51 8 144.534
51 9 147.57
51 10 154.838
51 11 132.858
51 12 125.079
51 13 136.602
51 14 144.958
51 15 142.288
51 16 132.388
51 17 123.156
51 18 131.288
51 19 112.091
51 20 140.632
51 21 137.708
51 22 137.152
51 23 145.824
51 24 142.947
51 25 128.764
51 26 118.421
51 27 133.821
51 28 139.017
51 29 144.597
51 30 150.326
51 31 134.969
71 0 182.298
71 1 189.555
71 2 202.271
71 3 186.596
71 4 209.975
71 5 193.754
71 6 201.953
71 7 203.66
71 8 210.41
71 9 187.786
71 10 207.589
71 11 189.21
71 12 204.071
71 13 189.559
71 14 185.88
71 15 181.127
71 16 189.63
71 17 199.397
71 18 185.754
71 19 200.578
71 20 194.856
71 21 177.352
71 22 178.185
71 23 186.748
71 24 195.557
71 25 189.345
71 26 188.275
71 27 204.473
71 28 192.268
71 29 197.253
71 30 182.617
71 31 183.108
72 0 151.915
72 1 152.117
72 2 160.082
72 3 145.525
72 4 161.631
72 5 162.133
72 6 164.077
72 7 157.139
72 8 177.116
72 9 136.911
72 10 157.626
72 11 158.078
72 12 161.218
72 13 162.232
72 14 156.14
72 15 151.157
72 16 137.013
72 17 153.857
72 18 147.29
72 19 161.438
72 20 144.618
72 21 146.091
72 22 154.411
72 23 145.153
72 24 148.125
72 25 156.513
72 26 144.906
72 27 146.072
72 28 156.803
72 29 151.148
72 30 145.983
72 31 151.216
75 0 219.919
75 1 221.414
75 2 218.288
75 3 218.941
75 4 232.382
75 5 230.027
75 6 229.443
75 7 238.697
75 8 231.707
75 9 222.462
75 10 208.167
75 11 228.298
75 12 211.117
75 13 217.777
75 14 226.924
75 15 218.372
75 16 212.153
75 17 213.65
75 18 204.899
75 19 234.244
75 20 216.651
75 21 200.158
75 22 208.737
75 23 219.923
75 24 216.087
75 25 198.143
75 26 211.788
75 27 203.965
75 28 224.485
75 29 216.656
75 30 210.353
75 31 210.679
105 0 190.343
105 1 201.634
105 2 202.5
105 3 205.301
105 4 207.694
105 5 214.836
105 6 195.406
105 7 206.746
105 8 203.337
105 9 197.343
105 10 192.529
105 11 197.865
105 12 207.276
105 13 201.712
105 14 206.865
105 15 184.275
105 16 206.136
105 17 183.394
105 18 194.468
105 19 200.692
105 20 217.614
105 21 195.715
105 22 206.359
105 23 195.101
105 24 190.809
105 25 206.691
105 26 194.64
105 27 198.356
105 28 218.557
105 29 202.483
105 30 193.878
105 31 196.749
106 0 148.247
106 1 152.148
106 2 149.792
106 3 164.154
106 4 145.494
106 5 140.123
106 6 154.557
106 7 143.282
106 8 145.872
106 9 159.468
106 10 143.794
106 11 147.419
106 12 155.784
106 13 148.115
106 14 151.593
106 15 139.294
106 16 161.824
106 17 167.661
106 18 149.108
106 19 150.118
106 20 146.174
106 21 146.298
106 22 142.791
106 23 150.298
106 24 140.589
106 25 129.796
106 26 142.3
106 27 140.505
106 28 126.293
106 29 136.904
106 30 126.258
106 31 147.953
107 0 167.108
107 1 171.555
107 2 180.325
107 3 179.572
107 4 168.289
107 5 159.479
107 6 148.323
107 7 179.878
107 8 164.596
107 9 156.23
107 10 166.801
107 11 154.458
107 12 155.942
107 13 150.414
107 14 166.384
107 15 137.881
107 16 156.423
107 17 159.864
107 18 170.813
107 19 146.126
107 20 162.833
107 21 148.796
107 22 159.049
107 23 166.461
107 24 175.409
107 25 151.618
107 26 139.382
107 27 168.222
107 28 160.766
107 29 153.246
107 30 151.688
107 31 151.418
108 0 159.16
108 1 186.803
108 2 163.406
108 3 174.04
108 4 182.526
108 5 168.184
108 6 181.111
108 7 171.736
108 8 184.932
108 9 182.654
108 10 189.15
108 11 175.929
108 12 193.73
108 13 183.965
108 14 175.292
108 15 165.689
108 16 181.664
108 17 164.8
108 18 168.224
108 19 158.343
108 20 169.991
108 21 171.033
108 22 162.658
108 23 172.143
108 24 192.638
108 25 162.319
108 26 158.831
108 27 187.505
108 28 163.908
108 29 166.613
108 30 161.371
108 31 183.978
109 0 281.465
109 1 284.212
109 2 271.316
109 3 294.819
109 4 292.136
109 5 273.581
109 6 286.611
109 7 287.842
109 8 287.81
109 9 270.215
109 10 269.648
109 11 281.135
109 12 289.23
109 13 284.281
109 14 278.192
109 15 271.202
109 16 275.062
109 17 276.037
109 18 270.738
109 19 272.769
109 20 276.553
109 21 281.496
109 22 280.001
109 23 276.728
109 24 279.007
109 25 264.895
109 26 268.672
109 27 279.977
109 28 282.605
109 29 293.155
109 30 270.196
109 31 272.353
111 0 194.831
111 1 192.658
111 2 194.349
111 3 175.568
111 4 193.742
111 5 186.04
111 6 187.691
111 7 182.499
111 8 173.831
111 9 192.34
111 10 167.472
111 11 187.869
111 12 181.041
111 13 166.319
111 14 182.43
111 15 168.08
111 16 180.181
111 17 171.714
111 18 174.781
111 19 171.005
111 20 180.942
111 21 184.33
111 22 159.963
111 23 164.009
111 24 169.53
111 25 175.704
111 26 173.577
111 27 184.452
111 28 163.192
111 29 170.065
111 30 185.37
111 31 180.185
114 0 123.884
114 1 153.384
114 2 150.296
114 3 149.115
114 4 162.138
114 5 136.675
114 6 142.772
114 7 156.679
114 8 118.459
114 9 149.98
114 10 144.53
114 11 161.564
114 12 137.943
114 13 155.898
114 14 136.232
114 15 131.473
114 16 145.147
114 17 133.365
114 18 133.318
114 19 145.316
114 20 146.365
114 21 141.42
114 22 141.877
114 23 139.022
114 24 139.637
114 25 143.882
114 26 145.625
114 27 131.376
114 28 155.766
114 29 146.224
114 30 120.012
114 31 158.223
115 0 131.375
115 1 152.596
115 2 145.663
115 3 159.608
115 4 134.9
115 5 164.848
115 6 136.752
115 7 148.561
115 8 158.933
115 9 169.315
115 10 144.784
115 11 149.196
115 12 151.451
115 13 150.183
115 14 140.813
115 15 148.778
115 16 160.509
115 17 145.475
115 18 141.679
115 19 152.146
115 20 144.444
115 21 146.34
115 22 150.747
115 23 141.225
115 24 149.554
115 25 145.772
115 26 152.249
115 27 129.122
115 28 156.556
115 29 150.706
115 30 146.723
115 31 130.798
116 0 220.536
116 1 227.029
116 2 231.167
116 3 235.279
116 4 234.054
116 5 227.848
116 6 234.794
116 7 230.413
116 8 230.174
116 9 226.614
116 10 234.627
116 11 216.849
116 12 245.767
116 13 239.005
116 14 219.609
116 15 225.669
116 16 225.288
116 17 239.753
116 18 234.947
116 19 233.484
116 20 223.873
116 21 230.62
116 22 233.918
116 23 244.968
116 24 231.048
116 25 215.041
116 26 233.44
116 27 242.849
116 28 231.471
116 29 235.472
116 30 227.191
116 31 217.59
117 0 61.3644
117 1 102.82
117 2 78.6279
117 3 93.5595
117 4 61.2016
117 5 86.4754
117 6 83.5917
117 7 81.8887
117 8 66.1369
117 9 94.7836
117 10 91.917
117 11 92.2889
117 12 94.5594
117 13 88.5296
117 14 82.0727
117 15 77.0537
117 16 81.6763
117 17 59.8219
117 18 77.6103
117 19 86.9239
117 20 85.1543
117 21 87.2792
117 22 65.7629
117 23 70.9781
117 24 74.3737
117 25 87.0457
117 26 83.0723
117 27 86.929
117 28 84.6454
117 29 85.975
117 30 88.6186
117 31 68.4323
118 0 124.232
118 1 123.744
118 2 142.357
118 3 140.986
118 4 104.862
118 5 138.111
118 6 129.522
118 7 142.564
118 8 141.227
118 9 129.438
118 10 125.93
118 11 139.994
118 12 142.203
118 13 128.717
118 14 133.697
118 15 133.794
118 16 125.029
118 17 118.27
118 18 138.676
118 19 135.536
118 20 124.178
118 21 120.546
118 22 133.535
118 23 130.83
118 24 130.399
118 25 130.5
118 26 120.967
118 27 123.432
118 28 119.6
118 29 138.261
118 30 132.719
118 31 121.312
119 0 135.112
119 1 162.328
119 2 154.302
119 3 173.459
119 4 166.203
119 5 163.496
119 6 169.167
119 7 167.903
119 8 174.92
119 9 172.951
119 10 159.174
119 11 181.094
119 12 172.002
119 13 159.855
119 14 157.616
119 15 160.943
119 16 171.321
119 17 163.284
119 18 163.441
119 19 158.536
119 20 163.923
119 21 143.403
119 22 165.642
119 23 165.66
119 24 156.327
119 25 158.862
119 26 154.412
119 27 176.47
119 28 146.826
119 29 164.233
119 30 172.134
119 31 164.748
121 0 191.148
121 1 201.563
121 2 204.137
121 3 180.276
121 4 181.223
121 5 187.659
121 6 207.957
121 7 209.753
121 8 209.358
121 9 174.453
121 10 199.276
121 11 190.837
121 12 211.068
121 13 182.644
121 14 215.931
121 15 174.086
121 16 179.078
121 17 185.758
121 18 190.056
121 19 192.694
121 20 189.215
121 21 200.169
121 22 190.557
121 23 193.18
121 24 192.457
121 25 215.955
121 26 193.315
121 27 184.888
121 28 196.089
121 29 171.889
121 30 198.425
121 31 183.214
123 0 188.235
123 1 208.635
123 2 202.021
123 3 194.419
123 4 188.154
123 5 196.36
123 6 205.319
123 7 195.306
123 8 215.134
123 9 200.951
123 10 199.56
123 11 199.853
123 12 192.329
123 13 192.863
123 14 213.975
123 15 210.882
123 16 194.705
123 17 186.74
123 18 182.268
123 19 193.768
123 20 200.291
123 21 197.135
123 22 191.94
123 23 196.051
123 24 186.754
123 25 209.345
123 26 187.583
123 27 204.152
123 28 190.725
123 29 197.655
123 30 184.585
123 31 202.108
125 0 183.253
125 1 195.93
125 2 199.07
125 3 203.721
125 4 203.107
125 5 179.704
125 6 195.632
125 7 182.658
125 8 185.613
125 9 190.016
125 10 191.429
125 11 189.939
125 12 200.83
125 13 208.406
125 14 194.877
125 15 189.82
125 16 187.716
125 17 186.173
125 18 193.45
125 19 191.177
125 20 187.454
125 21 193.956
125 22 179.618
125 23 185.058
125 24 195.219
125 25 196.644
125 26 176.323
125 27 181.755
125 28 179.244
125 29 193.531
125 30 181.567
125 31 200.776
126 0 127.885
126 1 130.568
126 2 125.591
126 3 118.94
126 4 127.39
126 5 114.556
126 6 121.306
126 7 131.068
126 8 123.738
126 9 134.584
126 10 115.428
126 11 112.972
126 12 121.419
126 13 108.895
126 14 121.323
126 15 122.021
126 16 129.998
126 17 105.333
126 18 121.68
126 19 121.038
126 20 120.848
126 21 115.369
126 22 135.428
126 23 112.933
126 24 116.876
126 25 116.845
126 26 114.086
126 27 105.572
126 28 125.683
126 29 121.653
126 30 114.15
126 31 133.695
127 0 140.347
127 1 132.375
127 2 141.094
127 3 136.919
127 4 140.149
127 5 131.276
127 6 131.21
127 7 148.419
127 8 142.082
127 9 143.586
127 10 129.979
127 11 142.519
127 12 136.1
127 13 129.803
127 14 127.752
127 15 128.485
127 16 126.984
127 17 126.427
127 18 142.561
127 19 125.456
127 20 128.712
127 21 155.563
127 22 126.77
127 23 130.621
127 24 122.214
127 25 132.826
127 26 103.835
127 27 121.45
127 28 143.495
127 29 129.59
127 30 118.862
127 31 131.395
128 0 285.413
128 1 292.32
128 2 319.256
128 3 301.342
128 4 305.815
128 5 297.383
128 6 297.507
128 7 302.769
128 8 297.571
128 9 295.688
128 10 296.281
128 11 297.338
128 12 283.643
128 13 295.765
128 14 285.436
128 15 286.167
128 16 287.604
128 17 312.198
128 18 297.186
128 19 285.154
128 20 297.018
128 21 295.494
128 22 299.226
128 23 307.452
128 24 293.951
128 25 287.635
128 26 298.041
128 27 290.402
128 28 296.897
128 29 293.361
128 30 287.303
128 31 280.259
129 0 218.85
129 1 239.001
129 2 239.305
129 3 240.751
129 4 246.598
129 5 210.768
129 6 235.653
129 7 220.166
129 8 233.533
129 9 234.278
129 10 235.682
129 11 233.589
129 12 203.77
129 13 223.724
129 14 224.643
129 15 235.599
129 16 236.004
129 17 247.113
129 18 229.912
129 19 231.247
129 20 234.963
129 21 231.666
129 22 235.048
129 23 218.569
129 24 238.371
129 25 213.654
129 26 227.125
129 27 233.419
129 28 223.902
129 29 229.389
129 30 220.593
129 31 215.252
141 0 204.999
141 1 204.069
141 2 226.556
141 3 220.699
141 4 218.947
141 5 223.121
141 6 214.152
141 7 209.117
141 8 224.959
141 9 239.229
141 10 216.415
141 11 200.742
141 12 221.051
141 13 217.104
141 14 207.329
141 15 207.479
141 16 206.002
141 17 215.341
141 18 210.775
141 19 226.304
141 20 224.936
141 21 200.307
141 22 213.556
141 23 215.13
141 24 207.232
141 25 221.108
141 26 207.793
141 27 211.389
141 28 211.995
141 29 224.03
141 30 206.092
141 31 201.852
144 0 77.0744
144 1 64.7295
144 2 92.1085
144 3 93.8455
144 4 88.9466
144 5 90.2293
144 6 103.199
144 7 89.8263
144 8 86.7095
144 9 89.5757
144 10 71.3484
144 11 78.9116
144 12 84.7634
144 13 64.5589
144 14 87.682
144 15 85.6761
144 16 79.3923
144 17 66.2099
144 18 73.1254
144 19 89.1163
144 20 90.0447
144 21 82.3737
144 22 86.4299
144 23 71.9298
144 24 71.3746
144 25 79.4503
144 26 75.3971
144 27 78.6387
144 28 87.7377
144 29 82.983
144 30 79.9751
144 31 83.054
178 0 184.469
178 1 215.181
178 2 192.789
178 3 205.532
178 4 203.935
178 5 189.897
178 6 199.057
178 7 201.081
178 8 197.257
178 9 205.527
178 10 204.071
178 11 206.139
178 12 206.681
178 13 189.374
178 14 180.686
178 15 195.79
178 16 209.766
178 17 202.827
178 18 191.36
178 19 190.056
178 20 198.513
178 21 204.93
178 22 198.399
178 23 202.566
178 24 204.203
178 25 196.304
178 26 201.238
178 27 203.502
178 28 199.906
178 29 189.554
178 30 195.016
178 31 190.559
179 0 235.705
179 1 217.669
179 2 219.082
179 3 207.054
179 4 225.95
179 5 219.488
179 6 225.057
179 7 213.9
179 8 213.662
179 9 216.243
179 10 201.399
179 11 220.87
179 12 214.355
179 13 197.785
179 14 210.644
179 15 213.03
179 16 221.639
179 17 228.407
179 18 218.331
179 19 213.674
179 20 203.662
179 21 208.969
179 22 218.25
179 23 220.424
179 24 219.443
179 25 223.15
179 26 226.016
179 27 210.181
179 28 196.346
179 29 220.097
179 30 207.518
179 31 203.31
180 0 139.634
180 1 152.963
180 2 150.691
180 3 151.92
180 4 146.296
180 5 156.846
180 6 132.798
180 7 153.99
180 8 161.553
180 9 155.771
180 10 133.292
180 11 141.092
180 12 146.616
180 13 144.826
180 14 137.241
180 15 136.829
180 16 131.341
180 17 122.406
180 18 141.402
180 19 154.767
180 20 137.23
180 21 153.9
180 22 142.412
180 23 161.229
180 24 136.98
180 25 146.955
180 26 151.915
180 27 139.994
180 28 124.382
180 29 137.899
180 30 142.17
180 31 155.074
183 0 189.657
183 1 171.192
183 2 188.63
183 3 178.313
183 4 191.358
183 5 178.367
183 6 180.032
183 7 186.876
183 8 172.05
183 9 173.801
183 10 175.637
183 11 196.762
183 12 177.999
183 13 168.743
183 14 178.684
183 15 162.958
183 16 180.605
183 17 188.291
183 18 174.153
183 19 185.134
183 20 184.494
183 21 165.336
183 22 173.042
183 23 162.293
183 24 167.807
183 25 167.959
183 26 193.642
183 27 165.989
183 28 183.391
183 29 174.632
183 30 168.868
183 31 151.795
184 0 167.18
184 1 180.982
184 2 173.27
184 3 166.54
184 4 188.693
184 5 181.633
184 6 178.406
184 7 167.853
184 8 173.131
184 9 182.108
184 10 160.953
184 11 173.918
184 12 175.457
184 13 178.486
184 14 177.832
184 15 169.261
184 16 175.888
184 17 168.318
184 18 155.616
184 19 170.639
184 20 163.685
184 21 162.437
184 22 155.568
184 23 165.18
184 24 159.318
184 25 156.695
184 26 167.983
184 27 159.008
184 28 158.772
184 29 180.913
184 30 175.995
184 31 163.454
185 0 181.597
185 1 204.494
185 2 188.04
185 3 190.924
185 4 185.251
185 5 184.634
185 6 191.124
185 7 189.066
185 8 182.367
185 9 197.588
185 10 194.624
185 11 186.922
185 12 181.736
185 13 174.276
185 14 182.341
185 15 195.8
185 16 160.333
185 17 185.49
185 18 178.529
185 19 183.271
185 20 179.217
185 21 177.687
185 22 197.262
185 23 184.344
185 24 176.709
185 25 181.073
185 26 182.569
185 27 180.894
185 28 179.858
185 29 171.783
185 30 177.886
185 31 178.613
187 0 168.46
187 1 169.405
187 2 173.083
187 3 166.526
187 4 174.291
187 5 166.778
187 6 178.781
187 7 174.278
187 8 158.217
187 9 164.347
187 10 162.144
187 11 162.91
187 12 169.315
187 13 159.799
187 14 160.853
187 15 165.548
187 16 163.152
187 17 157.388
187 18 152.278
187 19 172.853
187 20 179.818
187 21 171.901
187 22 158.03
187 23 160.614
187 24 151.603
187 25 167.524
187 26 170.717
187 27 146.782
187 28 165.616
187 29 163.608
187 30 165.735
187 31 158.457
205 0 226.025
205 1 217.568
205 2 230.784
205 3 230.937
205 4 214.625
205 5 233.828
205 6 228.908
205 7 220.24
205 8 222.737
205 9 232.703
205 10 215.195
205 11 225.16
205 12 222.015
205 13 233.058
205 14 220.904
205 15 236.261
205 16 215.325
205 17 223.074
205 18 219.883
205 19 230.793
205 20 215.222
205 21 225.353
205 22 218.505
205 23 213.505
205 24 226.591
205 25 225.701
205 26 222.307
205 27 215.44
205 28 223.591
205 29 218.973
205 30 216.317
205 31 232.894
209 0 98.3857
209 1 138.331
209 2 127.031
209 3 135.029
209 4 107.815
209 5 119.331
209 6 136.642
209 7 125.108
209 8 118.775
209 9 119.775
209 10 123.176
209 11 107.728
209 12 123.087
209 13 126.278
209 14 105.368
209 15 117.643
209 16 111.342
209 17 127.736
209 18 117.555
209 19 123.481
209 20 109.697
209 21 121.583
209 22 119.459
209 23 119.659
209 24 108.603
209 25 108.815
209 26 115.985
209 27 92.1592
209 28 109.219
209 29 109.172
209 30 111.185
209 31 109.007
210 0 147.494
210 1 155.873
210 2 146.209
210 3 168.242
210 4 141.071
210 5 163.001
210 6 158.16
210 7 139.736
210 8 148.919
210 9 150.54
210 10 160.55
210 11 146.425
210 12 151.507
210 13 159.456
210 14 153.605
210 15 133.925
210 16 159.769
210 17 144.162
210 18 133.143
210 19 126.328
210 20 141.001
210 21 140.212
210 22 145.855
210 23 151.197
210 24 156.514
210 25 145.702
210 26 145.039
210 27 141.519
210 28 143.218
210 29 155.905
210 30 143.905
210 31 129.974
211 0 114.888
211 1 114.892
211 2 141.496
211 3 132.799
211 4 128.121
211 5 121.954
211 6 127.828
211 7 136.182
211 8 118.103
211 9 132.363
211 10 130.945
211 11 124.814
211 12 154.125
211 13 129.164
211 14 105.119
211 15 131.174
211 16 112.9
211 17 129.015
211 18 131.946
211 19 120.392
211 20 123.609
211 21 129.846
211 22 115.95
211 23 119.737
211 24 117.515
211 25 111.802
211 26 120.546
211 27 115.267
211 28 112.36
211 29 127.62
211 30 106.273
211 31 127.294
212 0 99.0796
212 1 89.8996
212 2 108.694
212 3 82.5615
212 4 100.421
212 5 97.3104
212 6 83.5953
212 7 111.278
212 8 110.176
212 9 94.4362
212 10 104.58
212 11 84.5272
212 12 88.4654
212 13 95.6861
212 14 97.4005
212 15 95.8202
212 16 93.9116
212 17 84.544
212 18 101.301
212 19 88.4907
212 20 101.49
212 21 95.1366
212 22 98.3328
212 23 83.165
212 24 84.5942
212 25 103.156
212 26 86.2872
212 27 84.5747
212 28 87.3206
212 29 85.8957
212 30 101.14
212 31 100.079
213 0 177.216
213 1 175.316
213 2 170.289
213 3 188.892
213 4 209.688
213 5 182.875
213 6 182.494
213 7 187.824
213 8 197.348
213 9 171.767
213 10 184.888
213 11 196.882
213 12 162.773
213 13 174.435
213 14 175.133
213 15 173.445
213 16 187.935
213 17 199.27
213 18 193.755
213 19 169.338
213 20 170.888
213 21 193.056
213 22 178.504
213 23 188.421
213 24 186.197
213 25 187.594
213 26 183.21
213 27 195.796
213 28 175.876
213 29 199.502
213 30 181.289
213 31 166.839
216 0 173.118
216 1 164.209
216 2 177.872
216 3 175.915
216 4 180.994
216 5 167.159
216 6 178.288
216 7 157.851
216 8 180.543
216 9 191.948
216 10 179.554
216 11 180.389
216 12 180.347
216 13 175.92
216 14 166.827
216 15 174.221
216 16 168.486
216 17 179.263
216 18 165.186
216 19 146.848
216 20 165.576
216 21 167.182
216 22 180.642
216 23 177.247
216 24 181.463
216 25 166.844
216 26 170.996
216 27 158.303
216 28 170.431
216 29 168.075
216 30 159.724
216 31 176.144
223 0 118.663
223 1 119.506
223 2 125.262
223 3 115.566
223 4 118.992
223 5 117.586
223 6 112.203
223 7 106.927
223 8 121.17
223 9 118.117
223 10 126.785
223 11 114.929
223 12 108.306
223 13 113.59
223 14 124.038
223 15 110.654
223 16 128.677
223 17 113.78
223 18 105.848
223 19 128.64
223 20 113.646
223 21 111.738
223 22 116.834
223 23 104.811
223 24 111.347
223 25 127.495
223 26 118.4
223 27 113.624
223 28 110.627
223 29 114.561
223 30 103.86
223 31 107.692
228 0 236.393
228 1 250.847
228 2 267.957
228 3 275.994
228 4 269.563
228 5 237.135
228 6 268.176
228 7 264.179
228 8 259.568
228 9 245.899
228 10 253.655
228 11 258.163
228 12 258.463
228 13 264.14
228 14 269.485
228 15 252.658
228 16 259.474
228 17 252.797
228 18 252.604
228 19 262.66
228 20 258.535
228 21 253.634
228 22 268.445
228 23 255.475
228 24 252.49
228 25 262.263
228 26 252.875
228 27 262.579
228 28 241.387
228 29 243.543
228 30 269.635
228 31 239.731
