18      575
19      511.4
42      463.1
44      447
45      495
73      550
77      551.4
78      567.8
79      511
80      447
81      495
82      453.14
83      453.5
84      470
85      511
86      469.28
87      502.2
88      447
90      501.42
91      517.56
93      453
94      469.4
95      485.8
97      518.6
98      535
99      530.7
100     546.84
101     536
102     519.5
103     503
104     486.5
130     495.3
131     495
132     575
133     559
134     518
135     534
136     469
138     479.2
143     527
146     479
147     463
148     543
149     534
150     453
151     447
152     463
153     485
155     566
156     469
157     485
158     502
159     502
160     447
162     543
163     559
164     575
165     575.8
174     527
181     566
182     518
193     447
197     559.7
198     511
199     543.6
200     559
202     527.5
203     479
204     543
206     527
207     463
220     479
222     463
238     550
