18      575
19      511
42      463
44      447
45      495
58      485
73      501
77      549
78      565
79      511
80      447
81      495
82      453
83      533
84      517
85      511
86      469
87      501
88      469
90      501
91      517
93      453
94      469
95      485
97      517
98      533
99      530
100     546
101     453
102     469
103     485
104     501
130     495
131     495
132     575
133     559
134     527
135     511
136     495
138     479
143     527
146     479
147     463
148     543
149     507
150     511
151     527
152     495
153     463
155     447
156     479
157     479
158     463
159     447
160     447
162     543
163     559
164     575
165     575
174     527
182     447
193     447
197     559
198     511
199     543
200     559
202     527
203     479
204     543
206     527
207     463
220     479
222     463
238     463
