179 0 236
179 1 220
179 2 220
179 3 204
179 4 228
179 5 217
179 6 227
179 7 213
179 8 213
179 9 216
179 10 201
179 11 221
179 12 213
179 13 197
179 14 209
179 15 212
179 16 220
179 17 227
179 18 217
179 19 212
179 20 203
179 21 208
179 22 216
179 23 218
179 24 218
179 25 221
179 26 224
179 27 209
179 28 195
179 29 219
179 30 206
179 31 201
141 0 197
141 1 199
141 2 218
141 3 215
141 4 213
141 5 218
141 6 210
141 7 204
141 8 220
141 9 234
141 10 212
141 11 196
141 12 216
141 13 213
141 14 203
141 15 203
141 16 202
141 17 212
141 18 207
141 19 223
141 20 222
141 21 197
141 22 211
141 23 212
141 24 204
141 25 218
141 26 203
141 27 208
141 28 206
141 29 218
141 30 202
141 31 196
180 0 136
180 1 154
180 2 147
180 3 152
180 4 146
180 5 156
180 6 134
180 7 155
180 8 162
180 9 157
180 10 134
180 11 143
180 12 148
180 13 147
180 14 138
180 15 138
180 16 133
180 17 125
180 18 143
180 19 157
180 20 139
180 21 157
180 22 146
180 23 164
180 24 140
180 25 149
180 26 152
180 27 141
180 28 126
180 29 137
180 30 144
180 31 154
144 0 64
144 1 57
144 2 79
144 3 86
144 4 80
144 5 81
144 6 96
144 7 83
144 8 80
144 9 83
144 10 65
144 11 72
144 12 78
144 13 57
144 14 80
144 15 78
144 16 73
144 17 59
144 18 67
144 19 81
144 20 83
144 21 74
144 22 79
144 23 65
144 24 64
144 25 72
144 26 66
144 27 70
144 28 76
144 29 72
144 30 70
144 31 71
178 0 176
178 1 211
178 2 183
178 3 201
178 4 198
178 5 184
178 6 196
178 7 197
178 8 193
178 9 201
178 10 201
178 11 202
178 12 203
178 13 187
178 14 178
178 15 192
178 16 206
178 17 200
178 18 188
178 19 188
178 20 193
178 21 201
178 22 196
178 23 199
178 24 199
178 25 194
178 26 198
178 27 199
178 28 198
178 29 178
178 30 192
178 31 187
127 0 127
127 1 123
127 2 128
127 3 127
127 4 130
127 5 121
127 6 123
127 7 141
127 8 134
127 9 135
127 10 122
127 11 135
127 12 128
127 13 122
127 14 120
127 15 120
127 16 119
127 17 119
127 18 135
127 19 118
127 20 122
127 21 148
127 22 120
127 23 125
127 24 115
127 25 127
127 26 96
127 27 114
127 28 135
127 29 120
127 30 111
127 31 120
128 0 277
128 1 286
128 2 311
128 3 295
128 4 300
128 5 290
128 6 291
128 7 296
128 8 292
128 9 289
128 10 290
128 11 291
128 12 278
128 13 289
128 14 279
128 15 280
128 16 281
128 17 305
128 18 291
128 19 279
128 20 292
128 21 289
128 22 292
128 23 300
128 24 288
128 25 282
128 26 290
128 27 282
128 28 289
128 29 285
128 30 280
128 31 273
39 0 154
39 1 162
39 2 151
39 3 151
39 4 159
39 5 149
39 6 158
39 7 159
39 8 156
39 9 144
39 10 158
39 11 150
39 12 180
39 13 138
39 14 154
39 15 148
39 16 161
39 17 147
39 18 147
39 19 162
39 20 145
39 21 142
39 22 162
39 23 149
39 24 151
39 25 151
39 26 153
39 27 156
39 28 136
39 29 122
39 30 149
39 31 152
40 0 181
40 1 177
40 2 183
40 3 192
40 4 192
40 5 176
40 6 199
40 7 178
40 8 186
40 9 186
40 10 190
40 11 178
40 12 175
40 13 187
40 14 200
40 15 172
40 16 173
40 17 167
40 18 185
40 19 184
40 20 179
40 21 186
40 22 183
40 23 190
40 24 193
40 25 176
40 26 193
40 27 172
40 28 173
40 29 176
40 30 173
40 31 173
121 0 183
121 1 195
121 2 197
121 3 172
121 4 174
121 5 180
121 6 201
121 7 203
121 8 203
121 9 168
121 10 194
121 11 184
121 12 205
121 13 176
121 14 209
121 15 167
121 16 172
121 17 178
121 18 181
121 19 185
121 20 182
121 21 193
121 22 181
121 23 186
121 24 185
121 25 208
121 26 186
121 27 180
121 28 187
121 29 164
121 30 192
121 31 173
117 31 74
117 30 91
117 29 90
117 28 89
117 27 90
117 26 88
117 25 89
117 24 77
117 23 71
117 22 67
117 21 88
117 20 87
117 19 87
117 18 79
117 17 60
117 16 83
117 15 77
117 14 83
117 13 88
117 12 95
117 11 92
117 10 92
117 9 94
117 8 67
117 7 81
117 6 85
117 5 86
117 4 62
117 3 93
117 2 81
117 1 102
117 0 66
49 31 219
49 30 239
49 29 245
49 28 215
49 27 219
49 26 216
49 25 218
49 24 231
49 23 223
49 22 208
49 21 238
49 20 216
49 19 236
49 18 238
49 17 231
49 16 226
49 15 230
49 14 208
49 13 217
49 12 229
49 11 224
49 10 232
49 9 229
49 8 237
49 7 232
49 6 209
49 5 235
49 4 244
49 3 240
49 2 238
49 1 239
49 0 223
47 31 108
47 30 123
47 29 102
47 28 105
47 27 112
47 26 104
47 25 104
47 24 110
47 23 111
47 22 109
47 21 103
47 20 104
47 19 117
47 18 93
47 17 114
47 16 100
47 15 101
47 14 115
47 13 107
47 12 108
47 11 97
47 10 105
47 9 87
47 8 111
47 7 126
47 6 118
47 5 110
47 4 122
47 3 101
47 2 107
47 1 108
47 0 98
116 31 218
116 30 230
116 29 235
116 28 234
116 27 245
116 26 237
116 25 217
116 24 233
116 23 247
116 22 236
116 21 233
116 20 226
116 19 235
116 18 236
116 17 242
116 16 227
116 15 227
116 14 221
116 13 240
116 12 247
116 11 218
116 10 236
116 9 227
116 8 231
116 7 231
116 6 236
116 5 227
116 4 234
116 3 236
116 2 229
116 1 228
116 0 221
109 31 260
109 30 263
109 29 282
109 28 273
109 27 274
109 26 262
109 25 260
109 24 272
109 23 271
109 22 274
109 21 274
109 20 271
109 19 266
109 18 265
109 17 269
109 16 268
109 15 265
109 14 271
109 13 277
109 12 281
109 11 273
109 10 261
109 9 262
109 8 280
109 7 279
109 6 279
109 5 264
109 4 282
109 3 285
109 2 258
109 1 276
109 0 269
213 0 175
213 1 169
213 2 168
213 3 185
213 4 206
213 5 178
213 6 178
213 7 181
213 8 192
213 9 167
213 10 180
213 11 191
213 12 156
213 13 168
213 14 169
213 15 167
213 16 181
213 17 192
213 18 187
213 19 162
213 20 163
213 21 186
213 22 172
213 23 182
213 24 180
213 25 180
213 26 177
213 27 188
213 28 170
213 29 193
213 30 174
213 31 160
212 0 102
212 1 92
212 2 112
212 3 85
212 4 101
212 5 101
212 6 85
212 7 113
212 8 111
212 9 95
212 10 105
212 11 86
212 12 89
212 13 96
212 14 97
212 15 94
212 16 92
212 17 84
212 18 100
212 19 87
212 20 101
212 21 94
212 22 97
212 23 82
212 24 83
212 25 102
212 26 83
212 27 83
212 28 84
212 29 85
212 30 99
212 31 100
211 0 109
211 1 109
211 2 140
211 3 129
211 4 126
211 5 118
211 6 124
211 7 132
211 8 112
211 9 125
211 10 126
211 11 119
211 12 148
211 13 124
211 14 100
211 15 127
211 16 107
211 17 124
211 18 127
211 19 115
211 20 118
211 21 124
211 22 111
211 23 114
211 24 111
211 25 106
211 26 115
211 27 110
211 28 106
211 29 121
211 30 101
211 31 122
210 0 151
210 1 159
210 2 150
210 3 170
210 4 146
210 5 166
210 6 162
210 7 141
210 8 153
210 9 152
210 10 163
210 11 149
210 12 154
210 13 160
210 14 154
210 15 134
210 16 161
210 17 144
210 18 134
210 19 127
210 20 141
210 21 140
210 22 146
210 23 152
210 24 157
210 25 146
210 26 146
210 27 142
210 28 143
210 29 155
210 30 144
210 31 129
209 0 96
209 1 139
209 2 124
209 3 133
209 4 106
209 5 116
209 6 136
209 7 124
209 8 118
209 9 117
209 10 122
209 11 108
209 12 122
209 13 124
209 14 105
209 15 116
209 16 109
209 17 126
209 18 116
209 19 123
209 20 108
209 21 120
209 22 117
209 23 118
209 24 107
209 25 108
209 26 113
209 27 88
209 28 108
209 29 106
209 30 110
209 31 104
185 31 169
185 30 175
185 29 167
185 28 177
185 27 175
185 26 176
185 25 176
185 24 172
185 23 181
185 22 194
185 21 174
185 20 175
185 19 178
185 18 175
185 17 182
185 16 156
185 15 190
185 14 178
185 13 169
185 12 177
185 11 183
185 10 190
185 9 193
185 8 178
185 7 184
185 6 187
185 5 178
185 4 180
185 3 186
185 2 180
185 1 201
185 0 174
184 31 149
184 30 169
184 29 170
184 28 153
184 27 151
184 26 160
184 25 150
184 24 153
184 23 158
184 22 147
184 21 153
184 20 157
184 19 162
184 18 149
184 17 160
184 16 169
184 15 161
184 14 170
184 13 171
184 12 169
184 11 167
184 10 154
184 9 176
184 8 167
184 7 161
184 6 172
184 5 173
184 4 180
184 3 159
184 2 159
184 1 174
184 0 157
183 31 143
183 30 163
183 29 164
183 28 176
183 27 159
183 26 185
183 25 162
183 24 162
183 23 156
183 22 168
183 21 161
183 20 179
183 19 180
183 18 169
183 17 182
183 16 175
183 15 157
183 14 173
183 13 163
183 12 172
183 11 191
183 10 169
183 9 168
183 8 166
183 7 181
183 6 174
183 5 170
183 4 184
183 3 170
183 2 179
183 1 165
183 0 178
72 31 148
72 30 145
72 29 148
72 28 155
72 27 144
72 26 145
72 25 157
72 24 148
72 23 143
72 22 153
72 21 145
72 20 143
72 19 160
72 18 146
72 17 152
72 16 136
72 15 149
72 14 154
72 13 160
72 12 159
72 11 155
72 10 155
72 9 134
72 8 174
72 7 154
72 6 162
72 5 158
72 4 159
72 3 142
72 2 156
72 1 149
72 0 149
216 31 167
216 30 155
216 29 163
216 28 168
216 27 153
216 26 165
216 25 164
216 24 177
216 23 174
216 22 177
216 21 163
216 20 161
216 19 144
216 18 162
216 17 175
216 16 164
216 15 170
216 14 163
216 13 172
216 12 176
216 11 176
216 10 176
216 9 188
216 8 177
216 7 156
216 6 175
216 5 163
216 4 177
216 3 173
216 2 171
216 1 160
216 0 165
75 0 231
75 1 223
75 2 222
75 3 220
75 4 233
75 5 230
75 6 230
75 7 240
75 8 232
75 9 223
75 10 209
75 11 229
75 12 212
75 13 220
75 14 230
75 15 220
75 16 213
75 17 214
75 18 207
75 19 236
75 20 219
75 21 202
75 22 211
75 23 221
75 24 219
75 25 199
75 26 217
75 27 207
75 28 229
75 29 222
75 30 212
75 31 217
228 0 238
228 1 250
228 2 270
228 3 274
228 4 268
228 5 236
228 6 267
228 7 263
228 8 257
228 9 244
228 10 252
228 11 254
228 12 257
228 13 261
228 14 267
228 15 250
228 16 258
228 17 251
228 18 251
228 19 259
228 20 256
228 21 251
228 22 266
228 23 252
228 24 251
228 25 259
228 26 252
228 27 261
228 28 240
228 29 244
228 30 267
228 31 241
35 0 116
35 1 114
35 2 114
35 3 127
35 4 123
35 5 102
35 6 131
35 7 110
35 8 121
35 9 102
35 10 122
35 11 133
35 12 115
35 13 111
35 14 95
35 15 129
35 16 97
35 17 113
35 18 123
35 19 115
35 20 118
35 21 111
35 22 122
35 23 128
35 24 114
35 25 117
35 26 110
35 27 108
35 28 99
35 29 105
35 30 126
35 31 121
205 0 221
205 1 213
205 2 226
205 3 227
205 4 210
205 5 230
205 6 225
205 7 217
205 8 219
205 9 230
205 10 211
205 11 222
205 12 219
205 13 230
205 14 217
205 15 233
205 16 212
205 17 220
205 18 217
205 19 228
205 20 212
205 21 222
205 22 215
205 23 211
205 24 223
205 25 223
205 26 220
205 27 215
205 28 223
205 29 217
205 30 213
205 31 229
16 0 190
16 1 208
16 2 212
16 3 217
16 4 211
16 5 219
16 6 227
16 7 209
16 8 235
16 9 210
16 10 206
16 11 223
16 12 214
16 13 222
16 14 222
16 15 220
16 16 206
16 17 205
16 18 213
16 19 192
16 20 211
16 21 217
16 22 191
16 23 191
16 24 224
16 25 211
16 26 210
16 27 210
16 28 204
16 29 208
16 30 205
16 31 209
187 31 148
187 30 158
187 29 154
187 28 158
187 27 140
187 26 163
187 25 160
187 24 144
187 23 153
187 22 150
187 21 164
187 20 172
187 19 166
187 18 144
187 17 150
187 16 155
187 15 158
187 14 153
187 13 152
187 12 162
187 11 156
187 10 154
187 9 156
187 8 149
187 7 165
187 6 170
187 5 158
187 4 165
187 3 158
187 2 164
187 1 161
187 0 158
71 31 177
71 30 180
71 29 192
71 28 190
71 27 203
71 26 182
71 25 189
71 24 193
71 23 185
71 22 175
71 21 175
71 20 191
71 19 199
71 18 183
71 17 197
71 16 186
71 15 179
71 14 182
71 13 186
71 12 200
71 11 187
71 10 204
71 9 185
71 8 206
71 7 200
71 6 198
71 5 190
71 4 204
71 3 182
71 2 193
71 1 186
71 0 173
51 31 119
51 30 144
51 29 131
51 28 131
51 27 126
51 26 108
51 25 122
51 24 136
51 23 141
51 22 130
51 21 131
51 20 135
51 19 107
51 18 124
51 17 116
51 16 124
51 15 135
51 14 136
51 13 129
51 12 117
51 11 124
51 10 146
51 9 139
51 8 135
51 7 126
51 6 135
51 5 131
51 4 138
51 3 124
51 2 136
51 1 132
51 0 104
36 31 204
36 30 207
36 29 209
36 28 211
36 27 218
36 26 205
36 25 224
36 24 228
36 23 206
36 22 220
36 21 229
36 20 213
36 19 231
36 18 243
36 17 223
36 16 217
36 15 222
36 14 217
36 13 225
36 12 223
36 11 223
36 10 215
36 9 225
36 8 225
36 7 225
36 6 214
36 5 244
36 4 219
36 3 219
36 2 215
36 1 226
36 0 217
223 31 114
223 30 106
223 29 120
223 28 114
223 27 116
223 26 122
223 25 130
223 24 113
223 23 105
223 22 118
223 21 114
223 20 115
223 19 130
223 18 108
223 17 116
223 16 131
223 15 112
223 14 126
223 13 115
223 12 110
223 11 117
223 10 130
223 9 120
223 8 125
223 7 110
223 6 113
223 5 120
223 4 121
223 3 118
223 2 134
223 1 121
223 0 133
114 0 128
114 1 154
114 2 155
114 3 151
114 4 163
114 5 139
114 6 142
114 7 157
114 8 118
114 9 150
114 10 144
114 11 161
114 12 138
114 13 157
114 14 138
114 15 133
114 16 146
114 17 134
114 18 135
114 19 147
114 20 148
114 21 142
114 22 143
114 23 141
114 24 141
114 25 145
114 26 150
114 27 134
114 28 159
114 29 152
114 30 122
114 31 164
118 0 141
118 1 132
118 2 160
118 3 150
118 4 115
118 5 147
118 6 134
118 7 151
118 8 149
118 9 138
118 10 135
118 11 147
118 12 148
118 13 135
118 14 141
118 15 140
118 16 133
118 17 125
118 18 147
118 19 142
118 20 130
118 21 129
118 22 141
118 23 139
118 24 139
118 25 139
118 26 132
118 27 135
118 28 130
118 29 158
118 30 141
118 31 146
48 0 174
48 1 182
48 2 196
48 3 175
48 4 181
48 5 163
48 6 171
48 7 189
48 8 180
48 9 175
48 10 188
48 11 179
48 12 193
48 13 177
48 14 169
48 15 188
48 16 169
48 17 177
48 18 183
48 19 184
48 20 173
48 21 174
48 22 182
48 23 174
48 24 181
48 25 175
48 26 176
48 27 191
48 28 170
48 29 189
48 30 172
48 31 182
145 0 173
145 1 184
145 2 190
145 3 189
145 4 168
145 5 191
145 6 174
145 7 169
145 8 168
145 9 181
145 10 184
145 11 181
145 12 161
145 13 176
145 14 185
145 15 169
145 16 174
145 17 183
145 18 182
145 19 178
145 20 179
145 21 189
145 22 181
145 23 172
145 24 175
145 25 171
145 26 176
145 27 190
145 28 171
145 29 198
145 30 177
145 31 185
119 0 134
119 1 163
119 2 153
119 3 173
119 4 166
119 5 164
119 6 170
119 7 169
119 8 176
119 9 174
119 10 161
119 11 183
119 12 174
119 13 162
119 14 160
119 15 163
119 16 174
119 17 165
119 18 166
119 19 161
119 20 166
119 21 146
119 22 169
119 23 167
119 24 159
119 25 162
119 26 156
119 27 177
119 28 149
119 29 164
119 30 175
119 31 164
111 31 173
111 30 182
111 29 163
111 28 159
111 27 180
111 26 169
111 25 174
111 24 166
111 23 160
111 22 157
111 21 181
111 20 178
111 19 168
111 18 171
111 17 168
111 16 176
111 15 165
111 14 178
111 13 162
111 12 176
111 11 182
111 10 162
111 9 187
111 8 169
111 7 177
111 6 182
111 5 178
111 4 186
111 3 168
111 2 184
111 1 187
111 0 183
107 31 152
107 30 155
107 29 155
107 28 164
107 27 171
107 26 142
107 25 155
107 24 179
107 23 169
107 22 162
107 21 151
107 20 165
107 19 148
107 18 173
107 17 161
107 16 157
107 15 139
107 14 167
107 13 150
107 12 156
107 11 154
107 10 167
107 9 155
107 8 163
107 7 179
107 6 147
107 5 157
107 4 166
107 3 178
107 2 178
107 1 171
107 0 164
106 31 154
106 30 130
106 29 143
106 28 132
106 27 145
106 26 147
106 25 135
106 24 146
106 23 154
106 22 147
106 21 150
106 20 150
106 19 154
106 18 152
106 17 171
106 16 165
106 15 143
106 14 153
106 13 150
106 12 158
106 11 149
106 10 146
106 9 161
106 8 147
106 7 145
106 6 156
106 5 142
106 4 147
106 3 166
106 2 152
106 1 153
106 0 151
115 31 133
115 30 148
115 29 154
115 28 158
115 27 131
115 26 154
115 25 147
115 24 150
115 23 142
115 22 151
115 21 148
115 20 145
115 19 153
115 18 142
115 17 147
115 16 161
115 15 149
115 14 141
115 13 149
115 12 150
115 11 148
115 10 143
115 9 167
115 8 157
115 7 146
115 6 135
115 5 164
115 4 133
115 3 158
115 2 145
115 1 152
115 0 131
105 31 201
105 30 197
105 29 207
105 28 222
105 27 202
105 26 198
105 25 210
105 24 193
105 23 197
105 22 208
105 21 197
105 20 219
105 19 202
105 18 196
105 17 185
105 16 207
105 15 185
105 14 207
105 13 201
105 12 207
105 11 197
105 10 191
105 9 196
105 8 202
105 7 206
105 6 193
105 5 213
105 4 206
105 3 204
105 2 203
105 1 201
105 0 190
123 31 202
123 30 185
123 29 198
123 28 191
123 27 205
123 26 188
123 25 210
123 24 187
123 23 197
123 22 193
123 21 198
123 20 200
123 19 194
123 18 181
123 17 186
123 16 194
123 15 210
123 14 214
123 13 192
123 12 191
123 11 199
123 10 198
123 9 199
123 8 212
123 7 195
123 6 204
123 5 194
123 4 187
123 3 192
123 2 199
123 1 207
123 0 187
50 31 204
50 30 191
50 29 199
50 28 179
50 27 186
50 26 194
50 25 181
50 24 173
50 23 190
50 22 188
50 21 206
50 20 183
50 19 198
50 18 194
50 17 190
50 16 191
50 15 186
50 14 189
50 13 192
50 12 191
50 11 200
50 10 188
50 9 199
50 8 191
50 7 193
50 6 195
50 5 208
50 4 191
50 3 186
50 2 202
50 1 204
50 0 192
125 31 200
125 30 180
125 29 192
125 28 178
125 27 180
125 26 175
125 25 194
125 24 193
125 23 183
125 22 178
125 21 192
125 20 185
125 19 189
125 18 191
125 17 184
125 16 186
125 15 187
125 14 192
125 13 206
125 12 198
125 11 187
125 10 188
125 9 187
125 8 182
125 7 179
125 6 192
125 5 176
125 4 199
125 3 201
125 2 196
125 1 193
125 0 180
126 31 136
126 30 116
126 29 123
126 28 128
126 27 107
126 26 116
126 25 118
126 24 118
126 23 114
126 22 136
126 21 116
126 20 122
126 19 122
126 18 124
126 17 105
126 16 131
126 15 122
126 14 122
126 13 110
126 12 122
126 11 111
126 10 115
126 9 133
126 8 125
126 7 130
126 6 121
126 5 114
126 4 126
126 3 119
126 2 125
126 1 135
126 0 127
129 31 219
129 30 221
129 29 232
129 28 225
129 27 234
129 26 228
129 25 214
129 24 239
129 23 219
129 22 236
129 21 232
129 20 236
129 19 231
129 18 229
129 17 247
129 16 236
129 15 235
129 14 224
129 13 224
129 12 203
129 11 233
129 10 235
129 9 233
129 8 234
129 7 220
129 6 234
129 5 210
129 4 246
129 3 241
129 2 239
129 1 238
129 0 220
173 31 171
173 30 183
173 29 204
173 28 173
173 27 180
173 26 194
173 25 174
173 24 191
173 23 176
173 22 173
173 21 186
173 20 180
173 19 175
173 18 188
173 17 180
173 16 194
173 15 197
173 14 190
173 13 190
173 12 187
173 11 187
173 10 180
173 9 195
173 8 185
173 7 180
173 6 183
173 5 183
173 4 184
173 3 189
173 2 196
173 1 182
173 0 176
172 31 176
172 30 165
172 29 170
172 28 180
172 27 168
172 26 186
172 25 179
172 24 165
172 23 161
172 22 185
172 21 172
172 20 169
172 19 176
172 18 166
172 17 171
172 16 158
172 15 178
172 14 171
172 13 182
172 12 169
172 11 164
172 10 175
172 9 163
172 8 161
172 7 174
172 6 170
172 5 153
172 4 157
172 3 166
172 2 181
172 1 179
172 0 154
168 31 187
168 30 203
168 29 195
168 28 210
168 27 207
168 26 186
168 25 208
168 24 193
168 23 209
168 22 213
168 21 191
168 20 197
168 19 186
168 18 202
168 17 217
168 16 200
168 15 199
168 14 209
168 13 198
168 12 212
168 11 208
168 10 224
168 9 214
168 8 213
168 7 206
168 6 203
168 5 204
168 4 222
168 3 197
168 2 221
168 1 211
168 0 197
170 31 186
170 30 187
170 29 203
170 28 165
170 27 185
170 26 181
170 25 195
170 24 193
170 23 198
170 22 198
170 21 182
170 20 171
170 19 177
170 18 196
170 17 202
170 16 189
170 15 188
170 14 194
170 13 200
170 12 205
170 11 183
170 10 182
170 9 187
170 8 188
170 7 189
170 6 190
170 5 190
170 4 214
170 3 182
170 2 194
170 1 194
170 0 188
176 31 166
176 30 155
176 29 164
176 28 142
176 27 164
176 26 174
176 25 154
176 24 176
176 23 151
176 22 151
176 21 147
176 20 148
176 19 145
176 18 143
176 17 153
176 16 161
176 15 150
176 14 158
176 13 149
176 12 155
176 11 161
176 10 162
176 9 148
176 8 173
176 7 173
176 6 166
176 5 157
176 4 160
176 3 166
176 2 158
176 1 151
176 0 153
59 31 189
59 30 189
59 29 194
59 28 182
59 27 168
59 26 170
59 25 183
59 24 180
59 23 172
59 22 177
59 21 198
59 20 194
59 19 196
59 18 177
59 17 182
59 16 188
59 15 194
59 14 198
59 13 182
59 12 178
59 11 192
59 10 190
59 9 189
59 8 180
59 7 176
59 6 185
59 5 177
59 4 181
59 3 200
59 2 201
59 1 183
59 0 177
171 31 222
171 30 231
171 29 226
171 28 244
171 27 228
171 26 247
171 25 240
171 24 247
171 23 230
171 22 245
171 21 256
171 20 231
171 19 240
171 18 236
171 17 243
171 16 244
171 15 230
171 14 242
171 13 232
171 12 248
171 11 244
171 10 253
171 9 252
171 8 238
171 7 243
171 6 256
171 5 234
171 4 237
171 3 253
171 2 248
171 1 240
171 0 235
61 31 85
61 30 77
61 29 80
61 28 72
61 27 89
61 26 83
61 25 63
61 24 90
61 23 93
61 22 76
61 21 96
61 20 76
61 19 89
61 18 88
61 17 81
61 16 91
61 15 99
61 14 93
61 13 84
61 12 74
61 11 91
61 10 84
61 9 86
61 8 98
61 7 75
61 6 98
61 5 95
61 4 76
61 3 94
61 2 99
61 1 76
61 0 94
166 0 133
166 1 153
166 2 145
166 3 142
166 4 142
166 5 137
166 6 152
166 7 140
166 8 128
166 9 161
166 10 150
166 11 146
166 12 136
166 13 153
166 14 135
166 15 142
166 16 156
166 17 150
166 18 140
166 19 147
166 20 131
166 21 142
166 22 154
166 23 148
166 24 142
166 25 141
166 26 139
166 27 141
166 28 148
166 29 152
166 30 138
166 31 153
169 0 144
169 1 145
169 2 143
169 3 144
169 4 158
169 5 161
169 6 157
169 7 150
169 8 147
169 9 156
169 10 151
169 11 151
169 12 171
169 13 153
169 14 153
169 15 146
169 16 160
169 17 142
169 18 149
169 19 153
169 20 162
169 21 146
169 22 160
169 23 153
169 24 155
169 25 147
169 26 148
169 27 148
169 28 150
169 29 148
169 30 143
169 31 145
56 0 159
56 1 164
56 2 178
56 3 156
56 4 149
56 5 173
56 6 163
56 7 161
56 8 162
56 9 160
56 10 153
56 11 155
56 12 161
56 13 159
56 14 162
56 15 175
56 16 171
56 17 156
56 18 162
56 19 159
56 20 154
56 21 172
56 22 164
56 23 147
56 24 151
56 25 158
56 26 151
56 27 162
56 28 150
56 29 141
56 30 154
56 31 168
60 0 189
60 1 201
60 2 189
60 3 203
60 4 209
60 5 216
60 6 193
60 7 188
60 8 206
60 9 191
60 10 186
60 11 207
60 12 212
60 13 192
60 14 209
60 15 200
60 16 208
60 17 199
60 18 199
60 19 187
60 20 204
60 21 191
60 22 198
60 23 200
60 24 210
60 25 185
60 26 197
60 27 199
60 28 214
60 29 186
60 30 191
60 31 191
34 31 176
34 30 202
34 29 196
34 28 194
34 27 184
34 26 186
34 25 200
34 24 197
34 23 208
34 22 197
34 21 188
34 20 201
34 19 194
34 18 204
34 17 195
34 16 197
34 15 201
34 14 206
34 13 200
34 12 212
34 11 202
34 10 179
34 9 197
34 8 201
34 7 203
34 6 195
34 5 198
34 4 196
34 3 206
34 2 221
34 1 205
34 0 196
33 31 220
33 30 231
33 29 223
33 28 236
33 27 218
33 26 229
33 25 223
33 24 213
33 23 217
33 22 221
33 21 216
33 20 227
33 19 216
33 18 224
33 17 215
33 16 223
33 15 222
33 14 224
33 13 227
33 12 227
33 11 238
33 10 222
33 9 239
33 8 225
33 7 215
33 6 222
33 5 221
33 4 229
33 3 227
33 2 217
33 1 226
33 0 213
57 31 120
57 30 127
57 29 129
57 28 134
57 27 120
57 26 135
57 25 132
57 24 125
57 23 124
57 22 143
57 21 130
57 20 134
57 19 141
57 18 120
57 17 126
57 16 129
57 15 141
57 14 137
57 13 124
57 12 135
57 11 123
57 10 149
57 9 140
57 8 132
57 7 128
57 6 142
57 5 137
57 4 142
57 3 143
57 2 140
57 1 130
57 0 130
24 31 186
24 30 176
24 29 182
24 28 183
24 27 169
24 26 161
24 25 174
24 24 175
24 23 187
24 22 170
24 21 172
24 20 190
24 19 169
24 18 182
24 17 159
24 16 170
24 15 191
24 14 183
24 13 170
24 12 180
24 11 175
24 10 174
24 9 200
24 8 187
24 7 170
24 6 172
24 5 191
24 4 176
24 3 195
24 2 181
24 1 178
24 0 157
159 31 60
159 30 64
159 29 61
159 28 79
159 27 65
159 26 81
159 25 88
159 24 76
159 23 77
159 22 79
159 21 76
159 20 75
159 19 81
159 18 83
159 17 77
159 16 82
159 15 71
159 14 71
159 13 92
159 12 89
159 11 81
159 10 96
159 9 94
159 8 66
159 7 84
159 6 99
159 5 84
159 4 86
159 3 74
159 2 78
159 1 75
159 0 81
153 31 198
153 30 185
153 29 187
153 28 191
153 27 194
153 26 196
153 25 206
153 24 182
153 23 201
153 22 192
153 21 203
153 20 199
153 19 211
153 18 199
153 17 203
153 16 206
153 15 199
153 14 199
153 13 192
153 12 202
153 11 215
153 10 192
153 9 196
153 8 196
153 7 205
153 6 218
153 5 186
153 4 211
153 3 204
153 2 186
153 1 195
153 0 194
156 31 161
156 30 160
156 29 162
156 28 171
156 27 178
156 26 179
156 25 173
156 24 165
156 23 173
156 22 184
156 21 183
156 20 183
156 19 174
156 18 185
156 17 168
156 16 171
156 15 188
156 14 197
156 13 180
156 12 181
156 11 173
156 10 166
156 9 186
156 8 165
156 7 173
156 6 180
156 5 174
156 4 180
156 3 189
156 2 178
156 1 165
156 0 149
152 31 134
152 30 124
152 29 138
152 28 130
152 27 121
152 26 130
152 25 131
152 24 132
152 23 141
152 22 142
152 21 125
152 20 150
152 19 145
152 18 133
152 17 133
152 16 137
152 15 143
152 14 151
152 13 109
152 12 138
152 11 136
152 10 136
152 9 133
152 8 137
152 7 145
152 6 137
152 5 134
152 4 133
152 3 133
152 2 147
152 1 139
152 0 130
182 31 188
182 30 201
182 29 204
182 28 202
182 27 223
182 26 202
182 25 202
182 24 188
182 23 194
182 22 202
182 21 193
182 20 194
182 19 202
182 18 209
182 17 212
182 16 205
182 15 199
182 14 205
182 13 215
182 12 203
182 11 216
182 10 204
182 9 194
182 8 210
182 7 228
182 6 198
182 5 208
182 4 206
182 3 205
182 2 214
182 1 191
182 0 183
158 31 181
158 30 187
158 29 192
158 28 204
158 27 181
158 26 192
158 25 193
158 24 200
158 23 181
158 22 176
158 21 188
158 20 191
158 19 179
158 18 195
158 17 187
158 16 175
158 15 195
158 14 203
158 13 187
158 12 199
158 11 190
158 10 198
158 9 193
158 8 189
158 7 203
158 6 189
158 5 197
158 4 197
158 3 192
158 2 196
158 1 187
158 0 181
157 31 177
157 30 167
157 29 180
157 28 180
157 27 186
157 26 177
157 25 179
157 24 182
157 23 176
157 22 170
157 21 173
157 20 185
157 19 179
157 18 181
157 17 184
157 16 189
157 15 171
157 14 169
157 13 174
157 12 191
157 11 191
157 10 185
157 9 185
157 8 195
157 7 202
157 6 177
157 5 195
157 4 183
157 3 186
157 2 194
157 1 196
157 0 172
136 0 170
136 1 137
136 2 152
136 3 159
136 4 166
136 5 147
136 6 156
136 7 144
136 8 138
136 9 137
136 10 153
136 11 147
136 12 160
136 13 148
136 14 152
136 15 151
136 16 131
136 17 153
136 18 146
136 19 161
136 20 157
136 21 150
136 22 164
136 23 146
136 24 156
136 25 137
136 26 153
136 27 134
136 28 155
136 29 155
136 30 146
136 31 159
150 0 159
150 1 181
150 2 169
150 3 156
150 4 180
150 5 171
150 6 163
150 7 174
150 8 157
150 9 155
150 10 162
150 11 157
150 12 160
150 13 168
150 14 171
150 15 162
150 16 166
150 17 154
150 18 162
150 19 150
150 20 165
150 21 153
150 22 160
150 23 168
150 24 165
150 25 170
150 26 164
150 27 146
150 28 149
150 29 167
150 30 168
150 31 150
151 0 190
151 1 209
151 2 227
151 3 219
151 4 231
151 5 199
151 6 223
151 7 219
151 8 213
151 9 190
151 10 217
151 11 222
151 12 201
151 13 212
151 14 204
151 15 233
151 16 196
151 17 217
151 18 213
151 19 197
151 20 216
151 21 197
151 22 204
151 23 210
151 24 200
151 25 218
151 26 213
151 27 204
151 28 211
151 29 221
151 30 206
151 31 213
134 0 134
134 1 178
134 2 159
134 3 161
134 4 145
134 5 161
134 6 180
134 7 167
134 8 163
134 9 159
134 10 163
134 11 177
134 12 165
134 13 152
134 14 158
134 15 156
134 16 158
134 17 167
134 18 153
134 19 163
134 20 166
134 21 164
134 22 153
134 23 151
134 24 148
134 25 147
134 26 163
134 27 147
134 28 161
134 29 144
134 30 141
134 31 130
135 0 159
135 1 176
135 2 189
135 3 176
135 4 184
135 5 181
135 6 181
135 7 181
135 8 168
135 9 181
135 10 187
135 11 175
135 12 166
135 13 184
135 14 188
135 15 173
135 16 187
135 17 163
135 18 183
135 19 184
135 20 174
135 21 161
135 22 173
135 23 177
135 24 171
135 25 172
135 26 187
135 27 162
135 28 174
135 29 174
135 30 168
135 31 159
149 0 148
149 1 163
149 2 173
149 3 180
149 4 178
149 5 165
149 6 180
149 7 180
149 8 168
149 9 171
149 10 167
149 11 175
149 12 159
149 13 166
149 14 185
149 15 179
149 16 164
149 17 158
149 18 174
149 19 176
149 20 166
149 21 180
149 22 174
149 23 180
149 24 158
149 25 164
149 26 173
149 27 155
149 28 149
149 29 162
149 30 184
149 31 145
58 0 92
58 1 101
58 2 105
58 3 107
58 4 102
58 5 102
58 6 102
58 7 106
58 8 99
58 9 92
58 10 87
58 11 91
58 12 109
58 13 108
58 14 99
58 15 91
58 16 92
58 17 88
58 18 113
58 19 90
58 20 93
58 21 103
58 22 84
58 23 83
58 24 101
58 25 94
58 26 97
58 27 104
58 28 111
58 29 86
58 30 89
58 31 89
238 0 88
238 1 112
238 2 95
238 3 109
238 4 110
238 5 77
238 6 108
238 7 106
238 8 109
238 9 105
238 10 104
238 11 94
238 12 97
238 13 115
238 14 104
238 15 107
238 16 100
238 17 100
238 18 108
238 19 110
238 20 90
238 21 104
238 22 102
238 23 100
238 24 108
238 25 94
238 26 86
238 27 100
238 28 94
238 29 96
238 30 89
238 31 104
155 0 69
155 1 80
155 2 79
155 3 74
155 4 95
155 5 77
155 6 90
155 7 95
155 8 68
155 9 85
155 10 97
155 11 69
155 12 85
155 13 99
155 14 81
155 15 89
155 16 81
155 17 98
155 18 70
155 19 82
155 20 65
155 21 67
155 22 86
155 23 93
155 24 73
155 25 94
155 26 66
155 27 76
155 28 76
155 29 72
155 30 73
155 31 62
88 31 159
88 30 153
88 29 163
88 28 153
88 27 169
88 26 167
88 25 160
88 24 156
88 23 161
88 22 159
88 21 165
88 20 165
88 19 160
88 18 153
88 17 159
88 16 138
88 15 149
88 14 170
88 13 160
88 12 150
88 11 154
88 10 157
88 9 151
88 8 168
88 7 157
88 6 159
88 5 175
88 4 169
88 3 180
88 2 167
88 1 171
88 0 146
73 31 223
73 30 219
73 29 222
73 28 229
73 27 232
73 26 225
73 25 226
73 24 224
73 23 223
73 22 223
73 21 229
73 20 235
73 19 218
73 18 228
73 17 245
73 16 245
73 15 230
73 14 235
73 13 224
73 12 227
73 11 234
73 10 242
73 9 230
73 8 234
73 7 229
73 6 229
73 5 223
73 4 222
73 3 242
73 2 233
73 1 228
73 0 214
222 31 140
222 30 150
222 29 160
222 28 149
222 27 144
222 26 145
222 25 141
222 24 141
222 23 132
222 22 138
222 21 140
222 20 151
222 19 155
222 18 123
222 17 136
222 16 153
222 15 156
222 14 137
222 13 137
222 12 144
222 11 153
222 10 154
222 9 151
222 8 136
222 7 154
222 6 148
222 5 147
222 4 142
222 3 153
222 2 156
222 1 150
222 0 147
220 31 123
220 30 100
220 29 94
220 28 89
220 27 89
220 26 111
220 25 92
220 24 100
220 23 82
220 22 97
220 21 118
220 20 97
220 19 105
220 18 108
220 17 83
220 16 104
220 15 110
220 14 114
220 13 104
220 12 105
220 11 98
220 10 105
220 9 102
220 8 98
220 7 110
220 6 123
220 5 123
220 4 111
220 3 107
220 2 116
220 1 95
220 0 97
81 31 213
81 30 207
81 29 192
81 28 201
81 27 201
81 26 220
81 25 228
81 24 208
81 23 214
81 22 220
81 21 223
81 20 220
81 19 210
81 18 211
81 17 208
81 16 225
81 15 221
81 14 201
81 13 207
81 12 214
81 11 207
81 10 218
81 9 214
81 8 236
81 7 231
81 6 202
81 5 204
81 4 216
81 3 222
81 2 210
81 1 208
81 0 217
85 31 142
85 30 131
85 29 146
85 28 142
85 27 140
85 26 126
85 25 129
85 24 134
85 23 136
85 22 136
85 21 150
85 20 144
85 19 140
85 18 137
85 17 132
85 16 150
85 15 150
85 14 131
85 13 154
85 12 149
85 11 132
85 10 127
85 9 145
85 8 168
85 7 146
85 6 155
85 5 159
85 4 140
85 3 165
85 2 140
85 1 136
85 0 141
79 31 167
79 30 181
79 29 182
79 28 183
79 27 198
79 26 183
79 25 151
79 24 180
79 23 180
79 22 181
79 21 177
79 20 187
79 19 181
79 18 193
79 17 189
79 16 189
79 15 192
79 14 163
79 13 193
79 12 183
79 11 187
79 10 181
79 9 192
79 8 188
79 7 173
79 6 178
79 5 173
79 4 183
79 3 183
79 2 183
79 1 175
79 0 169
206 31 177
206 30 153
206 29 163
206 28 151
206 27 172
206 26 170
206 25 149
206 24 178
206 23 166
206 22 141
206 21 162
206 20 175
206 19 176
206 18 162
206 17 173
206 16 176
206 15 166
206 14 166
206 13 177
206 12 190
206 11 176
206 10 163
206 9 186
206 8 161
206 7 175
206 6 179
206 5 170
206 4 181
206 3 165
206 2 194
206 1 176
206 0 173
204 31 156
204 30 166
204 29 154
204 28 152
204 27 158
204 26 135
204 25 151
204 24 134
204 23 148
204 22 161
204 21 150
204 20 162
204 19 157
204 18 142
204 17 153
204 16 147
204 15 132
204 14 149
204 13 162
204 12 160
204 11 156
204 10 141
204 9 153
204 8 151
204 7 157
204 6 164
204 5 146
204 4 154
204 3 161
204 2 143
204 1 152
204 0 140
200 31 197
200 30 210
200 29 187
200 28 205
200 27 199
200 26 191
200 25 181
200 24 199
200 23 219
200 22 190
200 21 198
200 20 183
200 19 209
200 18 191
200 17 200
200 16 198
200 15 208
200 14 222
200 13 220
200 12 181
200 11 194
200 10 192
200 9 197
200 8 189
200 7 209
200 6 194
200 5 198
200 4 194
200 3 206
200 2 211
200 1 186
200 0 174
18 0 113
18 1 133
18 2 145
18 3 133
18 4 153
18 5 134
18 6 119
18 7 111
18 8 126
18 9 132
18 10 129
18 11 132
18 12 125
18 13 131
18 14 122
18 15 141
18 16 122
18 17 128
18 18 135
18 19 119
18 20 141
18 21 114
18 22 117
18 23 113
18 24 119
18 25 117
18 26 118
18 27 119
18 28 119
18 29 122
18 30 119
18 31 136
132 0 253
132 1 257
132 2 246
132 3 280
132 4 255
132 5 251
132 6 252
132 7 262
132 8 261
132 9 255
132 10 264
132 11 262
132 12 239
132 13 238
132 14 252
132 15 247
132 16 239
132 17 262
132 18 269
132 19 252
132 20 260
132 21 249
132 22 244
132 23 240
132 24 254
132 25 258
132 26 256
132 27 245
132 28 259
132 29 257
132 30 263
132 31 251
133 0 168
133 1 172
133 2 184
133 3 193
133 4 193
133 5 183
133 6 181
133 7 176
133 8 171
133 9 162
133 10 183
133 11 184
133 12 177
133 13 185
133 14 180
133 15 174
133 16 167
133 17 189
133 18 183
133 19 173
133 20 181
133 21 181
133 22 173
133 23 179
133 24 177
133 25 182
133 26 189
133 27 179
133 28 180
133 29 172
133 30 190
133 31 184
162 0 201
162 1 194
162 2 211
162 3 212
162 4 212
162 5 209
162 6 216
162 7 203
162 8 210
162 9 218
162 10 199
162 11 206
162 12 207
162 13 213
162 14 211
162 15 187
162 16 192
162 17 210
162 18 204
162 19 202
162 20 195
162 21 217
162 22 215
162 23 208
162 24 197
162 25 207
162 26 205
162 27 210
162 28 191
162 29 211
162 30 210
162 31 197
143 0 148
143 1 150
143 2 149
143 3 148
143 4 140
143 5 136
143 6 134
143 7 146
143 8 131
143 9 143
143 10 143
143 11 138
143 12 149
143 13 150
143 14 136
143 15 145
143 16 116
143 17 156
143 18 138
143 19 122
143 20 140
143 21 130
143 22 153
143 23 138
143 24 143
143 25 134
143 26 135
143 27 132
143 28 129
143 29 131
143 30 144
143 31 122
131 0 156
131 1 162
131 2 174
131 3 182
131 4 182
131 5 181
131 6 187
131 7 171
131 8 175
131 9 182
131 10 189
131 11 174
131 12 188
131 13 165
131 14 191
131 15 183
131 16 177
131 17 179
131 18 180
131 19 186
131 20 171
131 21 182
131 22 177
131 23 195
131 24 175
131 25 184
131 26 178
131 27 176
131 28 158
131 29 166
131 30 166
131 31 165
146 0 101
146 1 130
146 2 122
146 3 129
146 4 126
146 5 111
146 6 128
146 7 123
146 8 120
146 9 131
146 10 105
146 11 121
146 12 119
146 13 108
146 14 133
146 15 123
146 16 129
146 17 120
146 18 124
146 19 136
146 20 117
146 21 126
146 22 130
146 23 124
146 24 115
146 25 123
146 26 100
146 27 124
146 28 106
146 29 115
146 30 127
146 31 117
147 0 143
147 1 175
147 2 177
147 3 170
147 4 170
147 5 171
147 6 168
147 7 164
147 8 168
147 9 168
147 10 142
147 11 169
147 12 162
147 13 160
147 14 152
147 15 162
147 16 159
147 17 158
147 18 163
147 19 157
147 20 164
147 21 149
147 22 151
147 23 161
147 24 163
147 25 155
147 26 168
147 27 157
147 28 160
147 29 153
147 30 176
147 31 167
44 0 103
44 1 107
44 2 104
44 3 121
44 4 105
44 5 125
44 6 116
44 7 121
44 8 125
44 9 111
44 10 113
44 11 121
44 12 108
44 13 121
44 14 114
44 15 117
44 16 113
44 17 121
44 18 110
44 19 112
44 20 109
44 21 119
44 22 117
44 23 105
44 24 116
44 25 124
44 26 102
44 27 109
44 28 101
44 29 112
44 30 112
44 31 104
160 0 161
160 1 190
160 2 178
160 3 168
160 4 182
160 5 171
160 6 169
160 7 187
160 8 164
160 9 173
160 10 168
160 11 167
160 12 164
160 13 172
160 14 181
160 15 177
160 16 177
160 17 173
160 18 193
160 19 159
160 20 181
160 21 170
160 22 166
160 23 164
160 24 174
160 25 171
160 26 194
160 27 172
160 28 169
160 29 175
160 30 163
160 31 153
19 31 231
19 30 224
19 29 210
19 28 214
19 27 200
19 26 233
19 25 222
19 24 241
19 23 222
19 22 228
19 21 218
19 20 239
19 19 216
19 18 230
19 17 229
19 16 239
19 15 218
19 14 229
19 13 221
19 12 227
19 11 220
19 10 231
19 9 233
19 8 207
19 7 239
19 6 226
19 5 239
19 4 231
19 3 255
19 2 236
19 1 239
19 0 209
202 31 206
202 30 191
202 29 186
202 28 199
202 27 190
202 26 168
202 25 177
202 24 186
202 23 201
202 22 195
202 21 190
202 20 198
202 19 186
202 18 193
202 17 193
202 16 189
202 15 200
202 14 189
202 13 189
202 12 193
202 11 197
202 10 185
202 9 182
202 8 166
202 7 194
202 6 195
202 5 193
202 4 188
202 3 198
202 2 184
202 1 198
202 0 181
199 31 176
199 30 173
199 29 180
199 28 188
199 27 179
199 26 167
199 25 182
199 24 179
199 23 170
199 22 167
199 21 163
199 20 173
199 19 189
199 18 184
199 17 184
199 16 179
199 15 181
199 14 198
199 13 164
199 12 180
199 11 158
199 10 166
199 9 168
199 8 179
199 7 180
199 6 178
199 5 192
199 4 183
199 3 189
199 2 178
199 1 176
199 0 180
197 31 143
197 30 145
197 29 127
197 28 154
197 27 137
197 26 154
197 25 140
197 24 148
197 23 141
197 22 139
197 21 136
197 20 141
197 19 147
197 18 150
197 17 153
197 16 148
197 15 135
197 14 131
197 13 142
197 12 147
197 11 148
197 10 147
197 9 149
197 8 151
197 7 141
197 6 139
197 5 153
197 4 159
197 3 152
197 2 153
197 1 156
197 0 129
207 31 166
207 30 153
207 29 178
207 28 156
207 27 181
207 26 157
207 25 172
207 24 155
207 23 170
207 22 165
207 21 156
207 20 166
207 19 163
207 18 178
207 17 166
207 16 177
207 15 167
207 14 164
207 13 157
207 12 175
207 11 171
207 10 180
207 9 187
207 8 173
207 7 177
207 6 174
207 5 171
207 4 178
207 3 168
207 2 185
207 1 182
207 0 178
203 31 254
203 30 266
203 29 249
203 28 255
203 27 242
203 26 246
203 25 240
203 24 256
203 23 233
203 22 245
203 21 262
203 20 242
203 19 258
203 18 236
203 17 241
203 16 250
203 15 262
203 14 229
203 13 243
203 12 238
203 11 249
203 10 242
203 9 259
203 8 266
203 7 251
203 6 249
203 5 245
203 4 256
203 3 273
203 2 263
203 1 246
203 0 233
45 31 156
45 30 170
45 29 155
45 28 170
45 27 156
45 26 152
45 25 158
45 24 147
45 23 144
45 22 159
45 21 160
45 20 167
45 19 165
45 18 144
45 17 171
45 16 155
45 15 167
45 14 168
45 13 156
45 12 179
45 11 156
45 10 156
45 9 162
45 8 164
45 7 182
45 6 160
45 5 166
45 4 178
45 3 177
45 2 161
45 1 171
45 0 149
198 31 157
198 30 162
198 29 176
198 28 159
198 27 162
198 26 158
198 25 158
198 24 163
198 23 146
198 22 161
198 21 159
198 20 163
198 19 172
198 18 159
198 17 163
198 16 163
198 15 181
198 14 148
198 13 170
198 12 177
198 11 157
198 10 175
198 9 169
198 8 166
198 7 162
198 6 164
198 5 175
198 4 164
198 3 176
198 2 168
198 1 177
198 0 157
174 31 205
174 30 204
174 29 202
174 28 201
174 27 181
174 26 183
174 25 185
174 24 181
174 23 196
174 22 199
174 21 199
174 20 206
174 19 197
174 18 206
174 17 196
174 16 194
174 15 192
174 14 208
174 13 196
174 12 211
174 11 196
174 10 191
174 9 207
174 8 211
174 7 206
174 6 190
174 5 207
174 4 181
174 3 200
174 2 205
174 1 208
174 0 187
148 31 176
148 30 164
148 29 173
148 28 165
148 27 161
148 26 168
148 25 165
148 24 158
148 23 157
148 22 165
148 21 160
148 20 163
148 19 186
148 18 163
148 17 175
148 16 170
148 15 162
148 14 149
148 13 167
148 12 183
148 11 170
148 10 174
148 9 178
148 8 162
148 7 167
148 6 173
148 5 169
148 4 173
148 3 169
148 2 154
148 1 177
148 0 156
163 31 127
163 30 129
163 29 139
163 28 140
163 27 136
163 26 141
163 25 119
163 24 140
163 23 153
163 22 143
163 21 144
163 20 137
163 19 140
163 18 151
163 17 140
163 16 150
163 15 139
163 14 155
163 13 130
163 12 136
163 11 141
163 10 124
163 9 132
163 8 134
163 7 149
163 6 136
163 5 132
163 4 151
163 3 139
163 2 145
163 1 145
163 0 149
164 31 155
164 30 141
164 29 135
164 28 149
164 27 160
164 26 169
164 25 135
164 24 149
164 23 154
164 22 158
164 21 141
164 20 147
164 19 165
164 18 158
164 17 161
164 16 154
164 15 151
164 14 130
164 13 151
164 12 163
164 11 154
164 10 147
164 9 159
164 8 159
164 7 173
164 6 163
164 5 156
164 4 147
164 3 178
164 2 141
164 1 151
164 0 149
165 31 194
165 30 195
165 29 173
165 28 187
165 27 164
165 26 185
165 25 191
165 24 180
165 23 175
165 22 182
165 21 183
165 20 162
165 19 182
165 18 189
165 17 191
165 16 191
165 15 188
165 14 184
165 13 170
165 12 174
165 11 195
165 10 196
165 9 189
165 8 176
165 7 192
165 6 193
165 5 182
165 4 195
165 3 196
165 2 189
165 1 193
165 0 169
55 31 147
55 30 151
55 29 145
55 28 134
55 27 146
55 26 138
55 25 131
55 24 147
55 23 136
55 22 135
55 21 154
55 20 139
55 19 145
55 18 143
55 17 139
55 16 137
55 15 151
55 14 137
55 13 127
55 12 144
55 11 152
55 10 135
55 9 144
55 8 153
55 7 137
55 6 148
55 5 124
55 4 131
55 3 146
55 2 149
55 1 139
55 0 120
120 0 177
120 1 212
120 2 212
120 3 197
120 4 206
120 5 197
120 6 206
120 7 196
120 8 193
120 9 185
120 10 201
120 11 204
120 12 185
120 13 202
120 14 202
120 15 192
120 16 184
120 17 200
120 18 188
120 19 186
120 20 194
120 21 190
120 22 201
120 23 185
120 24 186
120 25 176
120 26 188
120 27 192
120 28 193
120 29 193
120 30 194
120 31 180
42 0 163
42 1 190
42 2 185
42 3 200
42 4 199
42 5 200
42 6 205
42 7 204
42 8 179
42 9 192
42 10 193
42 11 204
42 12 182
42 13 170
42 14 182
42 15 178
42 16 198
42 17 191
42 18 185
42 19 187
42 20 196
42 21 187
42 22 197
42 23 186
42 24 179
42 25 202
42 26 189
42 27 200
42 28 174
42 29 184
42 30 190
42 31 170
138 0 142
138 1 128
138 2 145
138 3 134
138 4 139
138 5 147
138 6 133
138 7 137
138 8 138
138 9 120
138 10 127
138 11 122
138 12 144
138 13 146
138 14 123
138 15 138
138 16 126
138 17 138
138 18 123
138 19 152
138 20 142
138 21 132
138 22 137
138 23 145
138 24 138
138 25 126
138 26 139
138 27 143
138 28 137
138 29 145
138 30 133
138 31 124
130 31 215
130 30 202
130 29 217
130 28 203
130 27 207
130 26 205
130 25 213
130 24 204
130 23 209
130 22 221
130 21 219
130 20 203
130 19 211
130 18 185
130 17 212
130 16 217
130 15 209
130 14 223
130 13 213
130 12 210
130 11 216
130 10 212
130 9 210
130 8 213
130 7 219
130 6 214
130 5 196
130 4 211
130 3 218
130 2 217
130 1 209
130 0 211
77 0 123
77 1 121
77 2 125
77 3 132
77 4 126
77 5 116
77 6 145
77 7 128
77 8 131
77 9 135
77 10 140
77 11 121
77 12 130
77 13 115
77 14 128
77 15 128
77 16 132
77 17 131
77 18 126
77 19 133
77 20 108
77 21 128
77 22 110
77 23 109
77 24 118
77 25 106
77 26 114
77 27 103
77 28 112
77 29 111
77 30 118
77 31 132
78 0 253
78 1 248
78 2 252
78 3 264
78 4 236
78 5 241
78 6 218
78 7 241
78 8 239
78 9 238
78 10 238
78 11 251
78 12 243
78 13 249
78 14 228
78 15 243
78 16 244
78 17 216
78 18 263
78 19 226
78 20 240
78 21 241
78 22 245
78 23 240
78 24 233
78 25 236
78 26 251
78 27 214
78 28 222
78 29 253
78 30 236
78 31 240
98 31 162
98 30 160
98 29 156
98 28 159
98 27 162
98 26 153
98 25 172
98 24 155
98 23 152
98 22 159
98 21 151
98 20 163
98 19 176
98 18 154
98 17 157
98 16 162
98 15 173
98 14 163
98 13 159
98 12 166
98 11 167
98 10 159
98 9 155
98 8 167
98 7 164
98 6 176
98 5 175
98 4 184
98 3 196
98 2 175
98 1 171
98 0 169
97 31 180
97 30 159
97 29 170
97 28 172
97 27 162
97 26 159
97 25 154
97 24 146
97 23 151
97 22 163
97 21 164
97 20 161
97 19 163
97 18 150
97 17 162
97 16 171
97 15 176
97 14 151
97 13 158
97 12 152
97 11 167
97 10 173
97 9 173
97 8 170
97 7 163
97 6 163
97 5 167
97 4 181
97 3 179
97 2 190
97 1 159
97 0 190
87 31 124
87 30 116
87 29 116
87 28 127
87 27 129
87 26 129
87 25 101
87 24 119
87 23 107
87 22 131
87 21 131
87 20 111
87 19 115
87 18 134
87 17 119
87 16 137
87 15 121
87 14 124
87 13 120
87 12 129
87 11 130
87 10 128
87 9 118
87 8 130
87 7 135
87 6 124
87 5 140
87 4 134
87 3 115
87 2 129
87 1 141
87 0 122
95 31 186
95 30 159
95 29 172
95 28 182
95 27 180
95 26 167
95 25 173
95 24 181
95 23 170
95 22 166
95 21 175
95 20 172
95 19 181
95 18 176
95 17 171
95 16 176
95 15 170
95 14 174
95 13 179
95 12 182
95 11 178
95 10 175
95 9 186
95 8 164
95 7 167
95 6 168
95 5 189
95 4 196
95 3 195
95 2 198
95 1 174
95 0 172
94 31 142
94 30 118
94 29 119
94 28 107
94 27 109
94 26 103
94 25 113
94 24 95
94 23 107
94 22 107
94 21 106
94 20 115
94 19 112
94 18 106
94 17 118
94 16 110
94 15 89
94 14 112
94 13 106
94 12 101
94 11 110
94 10 121
94 9 95
94 8 125
94 7 110
94 6 102
94 5 117
94 4 145
94 3 134
94 2 145
94 1 117
94 0 128
93 31 158
93 30 162
93 29 160
93 28 142
93 27 155
93 26 142
93 25 142
93 24 160
93 23 160
93 22 140
93 21 168
93 20 169
93 19 155
93 18 149
93 17 163
93 16 168
93 15 164
93 14 166
93 13 156
93 12 149
93 11 154
93 10 162
93 9 148
93 8 152
93 7 167
93 6 157
93 5 178
93 4 158
93 3 171
93 2 167
93 1 152
93 0 155
86 0 245
86 1 252
86 2 249
86 3 252
86 4 234
86 5 245
86 6 244
86 7 264
86 8 249
86 9 248
86 10 237
86 11 240
86 12 264
86 13 245
86 14 248
86 15 246
86 16 234
86 17 244
86 18 241
86 19 248
86 20 250
86 21 242
86 22 250
86 23 238
86 24 235
86 25 245
86 26 250
86 27 229
86 28 247
86 29 234
86 30 239
86 31 245
83 0 166
83 1 170
83 2 175
83 3 161
83 4 170
83 5 162
83 6 172
83 7 177
83 8 175
83 9 154
83 10 163
83 11 174
83 12 167
83 13 160
83 14 153
83 15 165
83 16 161
83 17 157
83 18 154
83 19 163
83 20 164
83 21 161
83 22 148
83 23 164
83 24 170
83 25 179
83 26 165
83 27 155
83 28 167
83 29 161
83 30 163
83 31 171
84 0 97
84 1 104
84 2 102
84 3 94
84 4 115
84 5 104
84 6 105
84 7 128
84 8 92
84 9 78
84 10 98
84 11 97
84 12 103
84 13 93
84 14 85
84 15 92
84 16 115
84 17 88
84 18 89
84 19 86
84 20 103
84 21 104
84 22 89
84 23 99
84 24 87
84 25 94
84 26 91
84 27 92
84 28 87
84 29 94
84 30 106
84 31 117
104 31 141
104 30 140
104 29 142
104 28 161
104 27 140
104 26 128
104 25 122
104 24 127
104 23 150
104 22 147
104 21 130
104 20 150
104 19 143
104 18 145
104 17 142
104 16 160
104 15 143
104 14 141
104 13 157
104 12 148
104 11 149
104 10 153
104 9 150
104 8 154
104 7 154
104 6 149
104 5 154
104 4 139
104 3 160
104 2 152
104 1 143
104 0 138
103 31 198
103 30 186
103 29 192
103 28 187
103 27 186
103 26 190
103 25 178
103 24 176
103 23 177
103 22 189
103 21 197
103 20 190
103 19 181
103 18 192
103 17 173
103 16 186
103 15 177
103 14 179
103 13 176
103 12 187
103 11 187
103 10 184
103 9 171
103 8 178
103 7 175
103 6 187
103 5 186
103 4 191
103 3 191
103 2 203
103 1 183
103 0 180
102 31 124
102 30 99
102 29 117
102 28 113
102 27 111
102 26 116
102 25 110
102 24 108
102 23 103
102 22 108
102 21 108
102 20 106
102 19 109
102 18 100
102 17 115
102 16 104
102 15 116
102 14 125
102 13 111
102 12 103
102 11 110
102 10 98
102 9 120
102 8 114
102 7 123
102 6 140
102 5 105
102 4 111
102 3 118
102 2 129
102 1 109
102 0 125
101 31 117
101 30 122
101 29 137
101 28 123
101 27 137
101 26 124
101 25 124
101 24 124
101 23 117
101 22 130
101 21 118
101 20 126
101 19 126
101 18 128
101 17 117
101 16 120
101 15 119
101 14 121
101 13 126
101 12 118
101 11 126
101 10 133
101 9 124
101 8 128
101 7 104
101 6 134
101 5 142
101 4 136
101 3 126
101 2 135
101 1 127
101 0 122
100 31 167
100 30 177
100 29 185
100 28 176
100 27 186
100 26 176
100 25 172
100 24 189
100 23 174
100 22 171
100 21 179
100 20 177
100 19 172
100 18 193
100 17 187
100 16 179
100 15 189
100 14 170
100 13 168
100 12 191
100 11 182
100 10 190
100 9 191
100 8 180
100 7 194
100 6 190
100 5 187
100 4 189
100 3 188
100 2 183
100 1 194
100 0 156
99 31 153
99 30 152
99 29 135
99 28 138
99 27 154
99 26 149
99 25 145
99 24 131
99 23 138
99 22 153
99 21 154
99 20 135
99 19 143
99 18 153
99 17 160
99 16 136
99 15 151
99 14 144
99 13 139
99 12 135
99 11 158
99 10 142
99 9 148
99 8 152
99 7 159
99 6 153
99 5 156
99 4 147
99 3 148
99 2 140
99 1 140
99 0 150
90 0 178
90 1 210
90 2 196
90 3 204
90 4 209
90 5 202
90 6 206
90 7 212
90 8 189
90 9 195
90 10 186
90 11 193
90 12 193
90 13 196
90 14 204
90 15 198
90 16 193
90 17 193
90 18 193
90 19 200
90 20 192
90 21 204
90 22 184
90 23 205
90 24 183
90 25 202
90 26 190
90 27 188
90 28 206
90 29 215
90 30 207
90 31 199
91 0 181
91 1 184
91 2 199
91 3 193
91 4 205
91 5 198
91 6 170
91 7 204
91 8 183
91 9 184
91 10 196
91 11 173
91 12 191
91 13 180
91 14 184
91 15 184
91 16 172
91 17 183
91 18 193
91 19 183
91 20 198
91 21 177
91 22 189
91 23 162
91 24 177
91 25 186
91 26 195
91 27 196
91 28 185
91 29 191
91 30 185
91 31 189
82 0 167
82 1 180
82 2 197
82 3 190
82 4 180
82 5 187
82 6 192
82 7 189
82 8 184
82 9 181
82 10 180
82 11 180
82 12 194
82 13 163
82 14 180
82 15 182
82 16 183
82 17 182
82 18 183
82 19 179
82 20 177
82 21 186
82 22 191
82 23 189
82 24 175
82 25 144
82 26 170
82 27 172
82 28 177
82 29 191
82 30 187
82 31 170
