16 0 38.7125
16 1 43.0244
16 2 29.2032
16 3 30.3698
16 4 30.0688
16 5 26.2103
16 6 26.8278
16 7 30.7957
16 8 28.1825
16 9 30.5304
16 10 24.3401
16 11 34.1977
16 12 29.8246
16 13 32.9789
16 14 32.0936
16 15 33.7144
16 16 25.5996
16 17 29.1532
16 18 27.9442
16 19 23.5704
16 20 27.0704
16 21 25.7635
16 22 33.1988
16 23 29.568
16 24 25.1761
16 25 30.3891
16 26 24.747
16 27 28.1232
16 28 31.2379
16 29 30.8125
16 30 27.9918
16 31 28.8004
18 0 28.5377
18 1 29.1041
18 2 28.8885
18 3 32.8683
18 4 35.3024
18 5 30.0676
18 6 30.8583
18 7 31.8846
18 8 27.3466
18 9 31.6421
18 10 29.7711
18 11 28.1593
18 12 35.9537
18 13 34.8387
18 14 28.1961
18 15 28.8957
18 16 39.834
18 17 33.1369
18 18 29.9774
18 19 28.2594
18 20 29.0263
18 21 39.0213
18 22 32.9608
18 23 29.3152
18 24 26.8469
18 25 30.4778
18 26 28.1853
18 27 26.9385
18 28 35.7129
18 29 30.7613
18 30 28.2935
18 31 35.0887
19 0 27.4537
19 1 24.5924
19 2 21.7291
19 3 23.12
19 4 21.3121
19 5 22.5323
19 6 22.0027
19 7 24.1225
19 8 24.4706
19 9 23.3502
19 10 24.5984
19 11 23.6318
19 12 29.1897
19 13 20.4375
19 14 25.3747
19 15 20.8165
19 16 28.3192
19 17 22.1125
19 18 27.5521
19 19 26.9843
19 20 22.3421
19 21 24.0588
19 22 25.4888
19 23 27.0945
19 24 26.1586
19 25 29.6039
19 26 34.5763
19 27 28.712
19 28 31.7133
19 29 27.1578
19 30 23.9904
19 31 20.1443
24 0 34.8455
24 1 25.3103
24 2 32.8042
24 3 26.3576
24 4 26.9833
24 5 27.2488
24 6 25.6209
24 7 29.3767
24 8 30.7463
24 9 29.0529
24 10 29.8898
24 11 32.4292
24 12 29.157
24 13 29.587
24 14 28.5693
24 15 28.558
24 16 31.9484
24 17 32.7265
24 18 32.3244
24 19 29.0411
24 20 29.7571
24 21 27.5637
24 22 26.042
24 23 23.1472
24 24 18.5406
24 25 26.638
24 26 32.7912
24 27 24.5149
24 28 20.3012
24 29 22.6869
24 30 23.5354
24 31 26.9319
33 0 15.2319
33 1 17.2873
33 2 16.4066
33 3 17.2403
33 4 15.4987
33 5 18.699
33 6 17.7113
33 7 16.2059
33 8 20.7694
33 9 19.9146
33 10 17.7891
33 11 18.9894
33 12 15.3029
33 13 16.8392
33 14 18.5002
33 15 17.6805
33 16 17.6431
33 17 16.2169
33 18 17.3742
33 19 16.6281
33 20 21.3492
33 21 15.2386
33 22 21.6425
33 23 19.1121
33 24 16.4852
33 25 18.5624
33 26 20.937
33 27 17.842
33 28 15.0448
33 29 17.5081
33 30 19.5027
33 31 17.455
34 0 22.9324
34 1 24.1035
34 2 30.3349
34 3 24.7804
34 4 24.2875
34 5 23.4145
34 6 24.4068
34 7 32.6307
34 8 28.0075
34 9 25.3532
34 10 30.385
34 11 27.9829
34 12 27.7838
34 13 28.0817
34 14 27.384
34 15 26.1275
34 16 23.7952
34 17 26.5907
34 18 24.1043
34 19 23.8187
34 20 24.7639
34 21 28.0617
34 22 27.7589
34 23 27.2983
34 24 25.643
34 25 30.518
34 26 32.0019
34 27 22.9907
34 28 31.6912
34 29 24.1428
34 30 31.8585
34 31 25.4267
35 0 30.6738
35 1 24.6787
35 2 31.2818
35 3 23.6754
35 4 22.4349
35 5 32.5561
35 6 27.4514
35 7 25.3353
35 8 25.5526
35 9 29.3848
35 10 32.0573
35 11 22.5376
35 12 29.2153
35 13 28.5322
35 14 21.725
35 15 24.0703
35 16 23.3581
35 17 29.9441
35 18 26.7392
35 19 29.6449
35 20 27.9396
35 21 26.606
35 22 26.4013
35 23 27.06
35 24 21.1786
35 25 22.4672
35 26 25.1637
35 27 23.4926
35 28 26.0447
35 29 24.1467
35 30 24.7088
35 31 26.1414
36 0 20.9229
36 1 22.552
36 2 31.1576
36 3 26.3719
36 4 24.1942
36 5 26.3691
36 6 28.4815
36 7 28.5255
36 8 23.54
36 9 25.1088
36 10 23.2353
36 11 23.4925
36 12 26.5699
36 13 23.9398
36 14 23.0683
36 15 21.2794
36 16 24.1582
36 17 23.867
36 18 24.228
36 19 22.1285
36 20 23.7535
36 21 22.5107
36 22 22.8508
36 23 24.2041
36 24 20.4623
36 25 21.2024
36 26 19.0798
36 27 20.9427
36 28 19.4616
36 29 22.6828
36 30 25.2242
36 31 24.1026
42 0 17.8047
42 1 21.232
42 2 21.3209
42 3 24.4563
42 4 22.3343
42 5 20.1123
42 6 18.8709
42 7 20.2518
42 8 23.034
42 9 20.6809
42 10 18.4375
42 11 19.4353
42 12 18.718
42 13 21.1261
42 14 19.609
42 15 19.959
42 16 19.3272
42 17 18.1587
42 18 18.594
42 19 18.6925
42 20 20.4502
42 21 17.4187
42 22 20.9243
42 23 17.7864
42 24 19.0544
42 25 18.2544
42 26 19.7517
42 27 19.4747
42 28 18.445
42 29 17.4389
42 30 18.4052
42 31 18.1008
44 0 21.417
44 1 21.2309
44 2 22.8239
44 3 17.5474
44 4 20.5331
44 5 19.0534
44 6 20.1724
44 7 18.7948
44 8 20.6046
44 9 17.8226
44 10 20.0248
44 11 19.7588
44 12 19.1851
44 13 17.5997
44 14 23.5763
44 15 17.6782
44 16 16.9747
44 17 18.5018
44 18 24.0615
44 19 21.0663
44 20 20.4035
44 21 19.9308
44 22 22.914
44 23 18.7402
44 24 20.0862
44 25 20.4536
44 26 19.665
44 27 18.0851
44 28 20.0242
44 29 21.1639
44 30 23.9433
44 31 17.8919
45 0 18.358
45 1 23.8265
45 2 25.3273
45 3 27.6207
45 4 20.3749
45 5 21.604
45 6 24.3144
45 7 25.2543
45 8 21.7792
45 9 25.2903
45 10 21.7203
45 11 24.7039
45 12 25.7342
45 13 25.5372
45 14 23.8384
45 15 26.9315
45 16 21.6349
45 17 22.0519
45 18 26.4232
45 19 21.4575
45 20 23.852
45 21 20.0758
45 22 23.633
45 23 21.9493
45 24 24.354
45 25 23.011
45 26 19.7874
45 27 21.1324
45 28 28.1862
45 29 23.0459
45 30 22.6828
45 31 19.6036
51 0 26.197
51 1 19.9783
51 2 27.5068
51 3 20.0602
51 4 17.6534
51 5 17.7084
51 6 20.2843
51 7 19.9456
51 8 21.8703
51 9 17.4306
51 10 20.3404
51 11 21.0656
51 12 19.3356
51 13 20.5585
51 14 21.7836
51 15 17.7483
51 16 20.0934
51 17 17.8912
51 18 19.0146
51 19 19.0404
51 20 19.1469
51 21 19.9745
51 22 21.8814
51 23 17.6039
51 24 20.0651
51 25 21.4253
51 26 20.6018
51 27 17.9735
51 28 21.7014
51 29 22.8987
51 30 19.4774
51 31 20.2476
56 0 24.4546
56 1 26.7089
56 2 21.2972
56 3 24.296
56 4 22.7473
56 5 23.7977
56 6 23.0518
56 7 24.3446
56 8 22.822
56 9 24.6909
56 10 22.4071
56 11 27.8245
56 12 23.0497
56 13 24.0219
56 14 22.6128
56 15 23.3382
56 16 24.041
56 17 23.5198
56 18 22.2335
56 19 23.473
56 20 14.3631
56 21 20.7519
56 22 22.0065
56 23 18.3697
56 24 17.9481
56 25 19.4128
56 26 19.4639
56 27 17.7502
56 28 24.3223
56 29 23.0741
56 30 24.2785
56 31 24.4392
57 0 20.6586
57 1 18.1903
57 2 26.9255
57 3 30.7176
57 4 28.8788
57 5 23.687
57 6 22.5806
57 7 20.649
57 8 22.736
57 9 14.7801
57 10 22.536
57 11 17.6855
57 12 22.6993
57 13 22.9753
57 14 19.5078
57 15 17.8984
57 16 19.4257
57 17 23.5639
57 18 22.0641
57 19 23.4785
57 20 17.46
57 21 21.1328
57 22 18.2251
57 23 16.458
57 24 20.4876
57 25 23.8027
57 26 19.6325
57 27 19.7678
57 28 24.1303
57 29 21.1484
57 30 21.8194
57 31 20.9442
59 0 24.4275
59 1 24.5463
59 2 26.0054
59 3 22.751
59 4 23.7482
59 5 24.5163
59 6 26.7941
59 7 25.855
59 8 23.0815
59 9 21.9309
59 10 22.6252
59 11 25.7375
59 12 23.842
59 13 27.7117
59 14 25.5846
59 15 23.9153
59 16 22.765
59 17 21.3395
59 18 22.7309
59 19 25.5138
59 20 20.0512
59 21 23.8897
59 22 24.3373
59 23 22.579
59 24 22.9676
59 25 20.1466
59 26 19.0799
59 27 20.1558
59 28 21.8346
59 29 21.753
59 30 21.9201
59 31 24.8469
60 0 26.9987
60 1 27.7723
60 2 22.6067
60 3 23.7986
60 4 26.9026
60 5 23.3191
60 6 22.2342
60 7 21.8049
60 8 23.3709
60 9 28.8636
60 10 22.2125
60 11 23.2052
60 12 22.2871
60 13 23.9313
60 14 22.0116
60 15 24.061
60 16 21.943
60 17 25.6643
60 18 22.3304
60 19 22.8973
60 20 20.0626
60 21 19.1266
60 22 22.3723
60 23 21.708
60 24 19.1024
60 25 19.7421
60 26 20.9799
60 27 19.1911
60 28 22.6824
60 29 25.7213
60 30 22.2852
60 31 26.8723
61 0 22.7554
61 1 22.5767
61 2 21.6706
61 3 20.6712
61 4 26.4115
61 5 20.3797
61 6 21.1739
61 7 22.3771
61 8 25.8413
61 9 21.6952
61 10 18.5499
61 11 22.3946
61 12 23.6009
61 13 22.0945
61 14 20.0913
61 15 20.2749
61 16 18.2449
61 17 20.3401
61 18 23.3113
61 19 20.5501
61 20 23.9617
61 21 19.8809
61 22 22.0345
61 23 21.71
61 24 22.4433
61 25 19.1504
61 26 21.7143
61 27 21.6394
61 28 18.5653
61 29 21.3374
61 30 20.691
61 31 20.8391
71 0 26.3656
71 1 31.7975
71 2 35.4665
71 3 31.6075
71 4 31.1799
71 5 37.2643
71 6 26.3422
71 7 28.6662
71 8 26.7384
71 9 32.9336
71 10 30.9152
71 11 32.6269
71 12 29.8527
71 13 32.7236
71 14 34.179
71 15 27.5667
71 16 36.7217
71 17 37.6933
71 18 34.9013
71 19 29.9175
71 20 36.2626
71 21 35.6826
71 22 33.8094
71 23 34.3299
71 24 31.5948
71 25 25.6976
71 26 41.1269
71 27 28.6617
71 28 25.7837
71 29 26.5635
71 30 32.0714
71 31 31.0664
72 0 33.9227
72 1 26.204
72 2 30.0524
72 3 23.6373
72 4 28.9986
72 5 26.4518
72 6 25.0556
72 7 32.8479
72 8 30.1846
72 9 28.2456
72 10 27.5901
72 11 23.4753
72 12 28.8033
72 13 27.004
72 14 32.5098
72 15 29.2789
72 16 30.0756
72 17 28.5163
72 18 29.5114
72 19 22.644
72 20 27.7844
72 21 26.0308
72 22 26.7855
72 23 27.1395
72 24 21.0983
72 25 21.5649
72 26 20.3746
72 27 28.2385
72 28 29.3439
72 29 26.3026
72 30 28.4864
72 31 26.6264
75 0 48.2511
75 1 36.3508
75 2 30.5611
75 3 34.2499
75 4 30.5174
75 5 27.799
75 6 26.8192
75 7 35.9153
75 8 31.1692
75 9 31.0868
75 10 31.3478
75 11 33.2206
75 12 28.5113
75 13 39.2066
75 14 32.9426
75 15 33.6713
75 16 26.4432
75 17 28.1817
75 18 31.3981
75 19 32.1152
75 20 40.6407
75 21 29.1151
75 22 32.2155
75 23 38.0157
75 24 26.3008
75 25 45.5707
75 26 30.9771
75 27 33.8641
75 28 31.1514
75 29 30.7732
75 30 42.0013
75 31 36.1616
79 0 21.2565
79 1 20.8046
79 2 24.7146
79 3 30.1055
79 4 23.3834
79 5 22.2517
79 6 22.466
79 7 24.9209
79 8 24.5014
79 9 19.0113
79 10 21.3235
79 11 25.0188
79 12 23.6295
79 13 19.1266
79 14 23.6922
79 15 19.9425
79 16 24.5711
79 17 21.7822
79 18 25.2084
79 19 25.5006
79 20 22.2886
79 21 21.9294
79 22 22.8673
79 23 23.4312
79 24 24.3508
79 25 24.754
79 26 21.0689
79 27 24.0785
79 28 20.1847
79 29 24.0936
79 30 20.7211
79 31 25.836
81 0 27.0438
81 1 27.5254
81 2 29.4693
81 3 25.9519
81 4 27.3518
81 5 30.2463
81 6 28.0233
81 7 28.6291
81 8 30.4326
81 9 24.045
81 10 27.8412
81 11 24.1801
81 12 23.8659
81 13 27.6703
81 14 23.5489
81 15 25.2181
81 16 25.8214
81 17 28.3302
81 18 27.0802
81 19 27.8783
81 20 22.7143
81 21 26.0297
81 22 21.2891
81 23 22.8732
81 24 24.3546
81 25 24.4482
81 26 25.0465
81 27 26.4309
81 28 25.6857
81 29 27.1917
81 30 25.4627
81 31 29.7314
85 0 31.0049
85 1 37.4273
85 2 45.4193
85 3 46.2388
85 4 46.8162
85 5 48.7811
85 6 42.0117
85 7 41.2824
85 8 47.1771
85 9 36.0823
85 10 35.9898
85 11 35.3674
85 12 34.2726
85 13 40.4765
85 14 32.6793
85 15 31.3886
85 16 28.8289
85 17 37.0894
85 18 32.4759
85 19 33.1482
85 20 29.3062
85 21 32.5853
85 22 36.3571
85 23 35.6726
85 24 27.8784
85 25 29.1334
85 26 29.9939
85 27 30.9929
85 28 33.1393
85 29 30.5193
85 30 32.8034
85 31 35.4863
87 0 42.3451
87 1 31.1157
87 2 29.1375
87 3 38.1644
87 4 19.4846
87 5 24.014
87 6 30.5872
87 7 40.6119
87 8 18.4951
87 9 27.5738
87 10 40.3944
87 11 35.2614
87 12 25.8308
87 13 21.6792
87 14 40.2568
87 15 40.5842
87 16 42.0818
87 17 29.3578
87 18 36.3695
87 19 29.9186
87 20 30.8571
87 21 21.3935
87 22 36.8491
87 23 37.8532
87 24 38.4055
87 25 38.6483
87 26 33.5051
87 27 25.1052
87 28 36.1617
87 29 41.6016
87 30 41.2688
87 31 11.2503
120 0 31.039
120 1 30.286
120 2 35.7031
120 3 34.2922
120 4 30.9521
120 5 30.9833
120 6 30.2537
120 7 33.1037
120 8 32.7481
120 9 33.5766
120 10 35.3006
120 11 33.5718
120 12 36.2115
120 13 31.69
120 14 32.7727
120 15 34.0092
120 16 38.6222
120 17 35.0896
120 18 27.6852
120 19 25.5022
120 20 28.5181
120 21 33.0042
120 22 25.9593
120 23 27.5354
120 24 30.4394
120 25 30.4459
120 26 34.367
120 27 30.3664
120 28 27.9928
120 29 29.6032
120 30 29.3654
120 31 27.2798
130 0 21.1284
130 1 17.7327
130 2 35.4655
130 3 35.4655
130 4 19.0968
130 5 20.3529
130 6 17.2185
130 7 20.1038
130 8 17.7327
130 9 22.5689
130 10 20.8663
130 11 18.7106
130 12 22.7056
130 13 19.996
130 14 20.0515
130 15 20.6494
130 16 20.1893
130 17 18.2231
130 18 20.0231
130 19 20.444
130 20 19.9955
130 21 18.8034
130 22 21.4351
130 23 19.3566
130 24 19.9934
130 25 20.7143
130 26 16.7957
130 27 18.5637
130 28 18.6865
130 29 18.6203
130 30 19.5
130 31 18.0552
131 0 20.675
131 1 21.5962
131 2 22.7263
131 3 21.3681
131 4 22.8409
131 5 21.9932
131 6 21.2982
131 7 21.2854
131 8 22.3391
131 9 21.8561
131 10 22.0551
131 11 23.9344
131 12 22.5147
131 13 19.3869
131 14 22.9522
131 15 22.9406
131 16 20.3953
131 17 22.2493
131 18 32.7582
131 19 34.3658
131 20 22.6653
131 21 20.1401
131 22 22.2164
131 23 21.2197
131 24 21.4929
131 25 21.9286
131 26 17.62
131 27 18.2607
131 28 18.4689
131 29 18.687
131 30 23.2892
131 31 24.0466
132 0 21.4019
132 1 20.6158
132 2 20.6535
132 3 22.3579
132 4 21.7215
132 5 20.1366
132 6 19.6648
132 7 24.0929
132 8 21.6513
132 9 22.2502
132 10 22.0523
132 11 19.2525
132 12 20.7014
132 13 23.0777
132 14 21.0523
132 15 23.0463
132 16 21.617
132 17 21.6165
132 18 19.4752
132 19 20.4405
132 20 21.7218
132 21 22.2376
132 22 22.8054
132 23 24.045
132 24 18.9293
132 25 20.8383
132 26 24.9932
132 27 26.049
132 28 20.7116
132 29 20.144
132 30 22.121
132 31 20.7951
133 0 25.3766
133 1 22.3048
133 2 24.279
133 3 26.3063
133 4 23.3975
133 5 27.8637
133 6 26.0029
133 7 23.8676
133 8 27.1965
133 9 28.3366
133 10 22.6167
133 11 21.3239
133 12 24.9349
133 13 24.8337
133 14 25.5438
133 15 26.9566
133 16 20.5178
133 17 21.0376
133 18 25.6293
133 19 25.5184
133 20 21.6889
133 21 25.3713
133 22 24.334
133 23 26.0394
133 24 23.8841
133 25 23.708
133 26 23.3491
133 27 29.2651
133 28 24.9241
133 29 25.1879
133 30 22.3684
133 31 20.5804
134 0 23.7337
134 1 26.3217
134 2 28.4486
134 3 25.7836
134 4 25.449
134 5 24.4714
134 6 19.2825
134 7 21.1655
134 8 25.1132
134 9 23.1673
134 10 24.6033
134 11 23.6429
134 12 25.7932
134 13 25.6922
134 14 25.7287
134 15 22.7901
134 16 28.0067
134 17 28.7196
134 18 29.7683
134 19 28.0101
134 20 29.9157
134 21 28.4699
134 22 28.3779
134 23 33.9247
134 24 29.0435
134 25 27.7398
134 26 29.4599
134 27 27.9081
134 28 28.3975
134 29 28.0344
134 30 35.2575
134 31 35.7434
135 0 26.7102
135 1 29.796
135 2 24.0287
135 3 24.6481
135 4 26.1256
135 5 28.0124
135 6 25.5331
135 7 24.763
135 8 25.9109
135 9 25.8488
135 10 28.1522
135 11 29.7785
135 12 28.6818
135 13 24.9646
135 14 32.5337
135 15 33.5736
135 16 33.5246
135 17 30.1884
135 18 32.4963
135 19 33.1399
135 20 32.3958
135 21 31.9434
135 22 32.2346
135 23 32.5279
135 24 31.7532
135 25 31.9397
135 26 32.0519
135 27 33.0644
135 28 32.3986
135 29 29.6486
135 30 23.8693
135 31 32.7331
136 0 34.7641
136 1 34.7641
136 2 24.9592
136 3 25.7661
136 4 20.1515
136 5 21.4439
136 6 24.0963
136 7 26.3135
136 8 25.3194
136 9 29.0463
136 10 30.0829
136 11 30.6513
136 12 29.6825
136 13 30.0786
136 14 32.7807
136 15 30.6381
136 16 27.6984
136 17 32.1884
136 18 31.8342
136 19 32.9992
136 20 32.7475
136 21 35.5167
136 22 31.7352
136 23 27.9076
136 24 33.8181
136 25 32.8295
136 26 31.9189
136 27 35.0199
136 28 29.8819
136 29 27.9388
136 30 30.1912
136 31 34.388
138 0 26.9313
138 1 24.6411
138 2 22.9822
138 3 26.5209
138 4 23.5075
138 5 20.2982
138 6 15.8652
138 7 18.7473
138 8 21.3579
138 9 22.4647
138 10 24.9949
138 11 23.1175
138 12 20.6079
138 13 25.3111
138 14 25.0363
138 15 21.0832
138 16 16.8954
138 17 22.3469
138 18 23.491
138 19 25.0235
138 20 21.7543
138 21 25.1306
138 22 25.3679
138 23 22.8073
138 24 26.0211
138 25 22.5937
138 26 26.1335
138 27 23.7707
138 28 21.7872
138 29 24.237
138 30 22.7569
138 31 28.2499
143 0 24.2048
143 1 22.8504
143 2 30.6335
143 3 29.65
143 4 33.0969
143 5 38.7508
143 6 35.399
143 7 29.3553
143 8 31.4587
143 9 29.9399
143 10 30.5016
143 11 31.7296
143 12 31.6011
143 13 36.1479
143 14 32.5253
143 15 31.8956
143 16 30.4315
143 17 30.903
143 18 30.1985
143 19 33.323
143 20 34.0452
143 21 36.6001
143 22 32.172
143 23 32.9718
143 24 31.4478
143 25 30.6687
143 26 38.7801
143 27 34.0178
143 28 39.7172
143 29 31.8354
143 30 30.5245
143 31 32.3227
146 0 24.5966
146 1 26.8421
146 2 19.4889
146 3 20.6149
146 4 17.9008
146 5 18.2478
146 6 19.7147
146 7 20.7204
146 8 18.1349
146 9 18.6962
146 10 18.4286
146 11 19.9162
146 12 20.404
146 13 18.7235
146 14 18.8209
146 15 20.8604
146 16 19.397
146 17 19.419
146 18 19.1609
146 19 18.7959
146 20 20.3183
146 21 19.8011
146 22 20.0904
146 23 20.1303
146 24 20.1244
146 25 23.1479
146 26 18.7694
146 27 18.2124
146 28 19.1321
146 29 18.3709
146 30 18.9331
146 31 21.4487
147 0 18.4408
147 1 17.2123
147 2 16.5331
147 3 18.0064
147 4 16.8464
147 5 15.982
147 6 17.2263
147 7 17.2373
147 8 17.1512
147 9 17.4047
147 10 18.8305
147 11 19.4317
147 12 16.8058
147 13 18.3669
147 14 18.6166
147 15 18.9764
147 16 17.9509
147 17 17.8332
147 18 19.2831
147 19 19.3796
147 20 17.7126
147 21 17.0631
147 22 17.4571
147 23 17.8338
147 24 16.8472
147 25 19.893
147 26 17.1544
147 27 18.4893
147 28 17.5387
147 29 18.4408
147 30 17.7894
147 31 16.8232
148 0 21.4306
148 1 21.9049
148 2 22.3348
148 3 22.0541
148 4 24.3609
148 5 19.1879
148 6 23.7441
148 7 22.0384
148 8 20.9201
148 9 19.9319
148 10 20.9137
148 11 22.5774
148 12 22.0175
148 13 23.8512
148 14 20.8181
148 15 23.0726
148 16 25.1517
148 17 21.5946
148 18 26.4948
148 19 23.9125
148 20 21.7747
148 21 22.0352
148 22 25.922
148 23 23.7121
148 24 21.6284
148 25 20.8339
148 26 22.3711
148 27 19.8399
148 28 21.358
148 29 19.9073
148 30 22.6063
148 31 25.6338
149 0 25.4803
149 1 24.9636
149 2 23.1683
149 3 24.9559
149 4 24.5422
149 5 30.956
149 6 28.017
149 7 21.9294
149 8 26.15
149 9 23.5777
149 10 25.9845
149 11 25.8399
149 12 26.6219
149 13 26.077
149 14 24.2929
149 15 22.6219
149 16 24.2167
149 17 23.7475
149 18 26.2159
149 19 23.5284
149 20 25.3147
149 21 22.6683
149 22 22.9958
149 23 25.6704
149 24 25.4243
149 25 26.049
149 26 23.368
149 27 23.9863
149 28 23.4981
149 29 24.2788
149 30 23.94
149 31 23.8416
150 0 30.8849
150 1 26.759
150 2 39.0668
150 3 32.4635
150 4 35.959
150 5 32.4681
150 6 36.2529
150 7 30.4808
150 8 33.0068
150 9 33.989
150 10 35.8473
150 11 30.5695
150 12 32.4848
150 13 33.8334
150 14 32.095
150 15 30.2028
150 16 37.539
150 17 30.0721
150 18 31.8294
150 19 30.7288
150 20 28.8904
150 21 29.7394
150 22 30.9712
150 23 30.0736
150 24 33.4854
150 25 31.669
150 26 31.2422
150 27 29.11
150 28 31.907
150 29 32.255
150 30 20.7806
150 31 21.7658
151 0 26.764
151 1 25.7634
151 2 29.1903
151 3 27.4389
151 4 36.5655
151 5 36.4136
151 6 37.8355
151 7 36.9393
151 8 32.2186
151 9 35.9996
151 10 36.198
151 11 36.9523
151 12 28.2489
151 13 26.1151
151 14 26.7873
151 15 32.9056
151 16 28.6535
151 17 31.3689
151 18 32.1621
151 19 28.3432
151 20 29.2134
151 21 30.457
151 22 35.8722
151 23 36.2289
151 24 36.5193
151 25 37.6235
151 26 30.6827
151 27 36.1862
151 28 32.5862
151 29 34.2983
151 30 22.7081
151 31 23.4219
152 0 32.959
152 1 32.0736
152 2 40.2549
152 3 29.592
152 4 40.0217
152 5 34.26
152 6 33.6022
152 7 30.4638
152 8 33.8106
152 9 33.9376
152 10 34.1813
152 11 28.2261
152 12 33.9165
152 13 28.6709
152 14 33.8972
152 15 33.493
152 16 31.1212
152 17 31.6897
152 18 37.0421
152 19 33.2083
152 20 33.2143
152 21 34.4562
152 22 37.888
152 23 29.8031
152 24 35.5461
152 25 35.3272
152 26 39.1687
152 27 38.2443
152 28 44.0278
152 29 28.9038
152 30 24.3821
152 31 24.6817
160 0 22.4465
160 1 21.3833
160 2 21.6851
160 3 22.693
160 4 21.3109
160 5 19.8731
160 6 21.9361
160 7 21.4281
160 8 22.3221
160 9 43.4376
160 10 20.9649
160 11 22.9848
160 12 23.0887
160 13 23.5994
160 14 22.6313
160 15 25.5413
160 16 24.9657
160 17 24.2079
160 18 26.622
160 19 22.9206
160 20 26.0132
160 21 18.7592
160 22 22.1353
160 23 20.9404
160 24 22.1728
160 25 25.0004
160 26 22.4865
160 27 23.0131
160 28 28.5701
160 29 28.5701
160 30 28.5701
160 31 28.5701
162 0 33.5382
162 1 30.7034
162 2 33.6312
162 3 35.2315
162 4 36.7733
162 5 38.0985
162 6 37.181
162 7 37.6181
162 8 36.3978
162 9 34.5027
162 10 36.0392
162 11 38.7995
162 12 39.7837
162 13 39.2109
162 14 39.6666
162 15 40.1274
162 16 36.903
162 17 38.5363
162 18 34.5573
162 19 40.7516
162 20 36.9767
162 21 33.335
162 22 32.917
162 23 38.5138
162 24 31.6717
162 25 32.7551
162 26 35.0648
162 27 34.7304
162 28 38.039
162 29 38.4129
162 30 39.9554
162 31 39.8893
163 0 37.0117
163 1 31.8855
163 2 38.8837
163 3 27.292
163 4 29.2792
163 5 31.0112
163 6 30.9756
163 7 28.4827
163 8 30.7213
163 9 30.8848
163 10 31.0851
163 11 32.2678
163 12 29.3792
163 13 31.1704
163 14 31.3983
163 15 29.4422
163 16 35.2443
163 17 28.984
163 18 30.8326
163 19 28.4877
163 20 33.9317
163 21 27.1249
163 22 27.7931
163 23 26.4943
163 24 28.9986
163 25 26.337
163 26 25.1424
163 27 28.8304
163 28 28.3544
163 29 27.0582
163 30 29.6362
163 31 28.8647
164 0 24.5625
164 1 24.4671
164 2 34.6925
164 3 34.973
164 4 32.7833
164 5 27.7075
164 6 29.1325
164 7 30.7652
164 8 29.4257
164 9 33.3893
164 10 30.7197
164 11 31.0977
164 12 28.0198
164 13 26.7845
164 14 28.2073
164 15 26.9277
164 16 24.7696
164 17 28.9132
164 18 29.4938
164 19 27.1651
164 20 24.6757
164 21 28.2161
164 22 24.9135
164 23 26.844
164 24 28.8273
164 25 29.4135
164 26 28.4154
164 27 31.7161
164 28 27.6662
164 29 28.2558
164 30 22.6075
164 31 26.7766
165 0 31.5294
165 1 26.8029
165 2 38.1819
165 3 29.9252
165 4 31.511
165 5 31.7632
165 6 33.9331
165 7 30.8302
165 8 31.1055
165 9 27.4965
165 10 31.5124
165 11 25.6404
165 12 26.2688
165 13 26.8849
165 14 26.5686
165 15 27.7632
165 16 30.527
165 17 32.8611
165 18 30.9394
165 19 29.4689
165 20 28.9771
165 21 30.7151
165 22 34.3111
165 23 32.202
165 24 33.5574
165 25 33.7972
165 26 30.616
165 27 27.8261
165 28 30.8541
165 29 29.2452
165 30 26.5579
165 31 28.6421
166 0 37.1737
166 1 31.895
166 2 33.3161
166 3 31.0424
166 4 33.8914
166 5 35.7246
166 6 31.6847
166 7 32.9135
166 8 33.0961
166 9 34.9773
166 10 33.5547
166 11 35.3604
166 12 40.7987
166 13 33.7624
166 14 41.3172
166 15 36.1523
166 16 32.2306
166 17 40.5379
166 18 36.5516
166 19 32.8105
166 20 35.1446
166 21 31.4219
166 22 33.2914
166 23 33.6348
166 24 23.7007
166 25 23.3094
166 26 29.88
166 27 28.854
166 28 32.149
166 29 30.0479
166 30 26.6024
166 31 23.8805
168 0 33.1038
168 1 29.7956
168 2 27.4546
168 3 30.8641
168 4 32.9444
168 5 33.5865
168 6 35.5538
168 7 28.8
168 8 32.3714
168 9 35.9343
168 10 34.0976
168 11 29.5255
168 12 31.1409
168 13 26.3987
168 14 30.1278
168 15 28.6267
168 16 29.4198
168 17 27.4343
168 18 28.304
168 19 29.7899
168 20 32.1211
168 21 28.6869
168 22 29.5041
168 23 25.664
168 24 29.8505
168 25 24.3939
168 26 27.899
168 27 24.3912
168 28 26.8324
168 29 29.7302
168 30 21.7283
168 31 21.3571
169 0 27.1034
169 1 27.1494
169 2 28.1364
169 3 24.7183
169 4 23.5511
169 5 21.177
169 6 28.2815
169 7 28.4967
169 8 25.2304
169 9 26.3606
169 10 27.1687
169 11 26.771
169 12 27.335
169 13 27.4092
169 14 21.4347
169 15 25.698
169 16 31.6508
169 17 30.269
169 18 25.5113
169 19 23.6224
169 20 26.1688
169 21 27.7912
169 22 24.6499
169 23 27.6103
169 24 26.0761
169 25 25.962
169 26 27.4121
169 27 26.2264
169 28 27.4191
169 29 25.2708
169 30 24.4313
169 31 23.7912
170 0 29.4388
170 1 27.8195
170 2 39.6315
170 3 34.4175
170 4 35.6803
170 5 33.1916
170 6 33.3027
170 7 33.9465
170 8 35.5086
170 9 31.9248
170 10 29.3095
170 11 26.687
170 12 31.4276
170 13 29.6595
170 14 25.335
170 15 27.4825
170 16 24.922
170 17 24.3455
170 18 28.1074
170 19 33.279
170 20 27.1538
170 21 27.8043
170 22 24.3368
170 23 24.5048
170 24 24.5576
170 25 26.946
170 26 26.2441
170 27 25.7274
170 28 22.9364
170 29 23.7986
170 30 25.6196
170 31 28.2022
171 0 24.2719
171 1 26.381
171 2 31.1811
171 3 24.145
171 4 27.3789
171 5 30.0263
171 6 29.3612
171 7 30.4487
171 8 30.3926
171 9 32.7863
171 10 28.5567
171 11 28.5247
171 12 26.9315
171 13 28.5991
171 14 25.0886
171 15 24.9758
171 16 25.2636
171 17 24.9429
171 18 25.1301
171 19 31.6777
171 20 26.9426
171 21 26.7382
171 22 26.2465
171 23 27.5532
171 24 26.2318
171 25 27.6306
171 26 27.5805
171 27 25.7026
171 28 25.8182
171 29 27.5325
171 30 24.2794
171 31 22.5874
172 0 33.8527
172 1 41.9429
172 2 35.1114
172 3 26.3903
172 4 31.0181
172 5 30.4828
172 6 28.247
172 7 37.7174
172 8 34.205
172 9 33.3584
172 10 32.7174
172 11 32.3806
172 12 30.5964
172 13 35.7921
172 14 32.128
172 15 32.6792
172 16 34.5178
172 17 32.3559
172 18 30.8171
172 19 33.3307
172 20 32.7002
172 21 30.0158
172 22 30.8052
172 23 25.2058
172 24 26.6466
172 25 23.2362
172 26 23.7138
172 27 26.6533
172 28 33.0173
172 29 27.6494
172 30 34.8329
172 31 32.1415
173 0 26.7084
173 1 25.8498
173 2 26.7278
173 3 25.7495
173 4 27.8777
173 5 25.1287
173 6 25.1426
173 7 25.7243
173 8 22.7603
173 9 27.6084
173 10 25.4708
173 11 24.2001
173 12 25.176
173 13 26.6444
173 14 26.0575
173 15 24.9131
173 16 23.1016
173 17 24.8229
173 18 22.9731
173 19 26.8022
173 20 26.7958
173 21 24.1965
173 22 24.9576
173 23 22.7661
173 24 24.2872
173 25 23.6106
173 26 22.2688
173 27 24.3727
173 28 27.7209
173 29 29.0193
173 30 23.6942
173 31 22.8314
174 0 32.0412
174 1 30.1201
174 2 29.5607
174 3 32.9737
174 4 31.0564
174 5 28.408
174 6 24.8969
174 7 33.8452
174 8 32.9242
174 9 33.0617
174 10 28.7028
174 11 27.001
174 12 27.3991
174 13 30.6876
174 14 29.8151
174 15 27.1895
174 16 27.3149
174 17 27.2595
174 18 26.5795
174 19 28.0522
174 20 28.4097
174 21 28.4279
174 22 29.9926
174 23 27.7733
174 24 32.9749
174 25 33.858
174 26 29.9913
174 27 32.6033
174 28 28.814
174 29 29.0947
174 30 28.2121
174 31 34.574
176 0 22.2366
176 1 24.3232
176 2 29.4397
176 3 29.4473
176 4 24.8235
176 5 24.0501
176 6 25.6154
176 7 24.0303
176 8 24.6207
176 9 26.1855
176 10 27.0354
176 11 24.6649
176 12 25.7925
176 13 24.3018
176 14 24.9573
176 15 22.8163
176 16 25.5092
176 17 22.6536
176 18 26.26
176 19 24.5201
176 20 28.4987
176 21 26.0381
176 22 25.4744
176 23 23.2876
176 24 23.2032
176 25 24.6677
176 26 23.5783
176 27 28.6509
176 28 23.2357
176 29 28.7124
176 30 27.3806
176 31 25.6824
183 0 37.1186
183 1 44.3396
183 2 31.6441
183 3 33.2389
183 4 30.5027
183 5 35.6788
183 6 36.701
183 7 30.64
183 8 33.4481
183 9 32.6408
183 10 35.203
183 11 30.6089
183 12 32.162
183 13 31.5019
183 14 33.4749
183 15 29.36
183 16 29.6653
183 17 33.0716
183 18 28.6182
183 19 30.3436
183 20 32.6347
183 21 28.6135
183 22 27.0008
183 23 31.1765
183 24 34.9745
183 25 34.1828
183 26 35.2889
183 27 32.4321
183 28 37.2801
183 29 35.7875
183 30 33.8315
183 31 28.63
184 0 28.5971
184 1 35.5879
184 2 39.8534
184 3 33.7705
184 4 32.2829
184 5 31.9721
184 6 32.6364
184 7 30.5549
184 8 29.6807
184 9 31.3739
184 10 34.0369
184 11 27.5695
184 12 35.9233
184 13 42.1969
184 14 39.2425
184 15 41.1051
184 16 33.2133
184 17 40.8944
184 18 31.4684
184 19 40.2873
184 20 32.8481
184 21 41.8646
184 22 37.2147
184 23 32.5245
184 24 31.9846
184 25 35.6336
184 26 31.0429
184 27 30.413
184 28 28.5137
184 29 30.8352
184 30 31.4351
184 31 35.3413
185 0 30.7847
185 1 37.6119
185 2 35.8075
185 3 38.5089
185 4 42.0826
185 5 42.756
185 6 31.5567
185 7 30.0109
185 8 32.1146
185 9 27.7306
185 10 30.1971
185 11 29.1067
185 12 32.6244
185 13 33.0057
185 14 33.6048
185 15 57.7403
185 16 30.3083
185 17 37.9563
185 18 29.9798
185 19 38.2057
185 20 35.9976
185 21 29.3762
185 22 29.5632
185 23 32.2687
185 24 35.0978
185 25 35.6869
185 26 34.7305
185 27 37.5365
185 28 27.1484
185 29 25.4563
185 30 27.4526
185 31 41.9511
187 0 34.6751
187 1 32.4106
187 2 31.8301
187 3 33.3362
187 4 36.5523
187 5 33.6963
187 6 29.9726
187 7 29.3788
187 8 29.137
187 9 30.9033
187 10 31.3982
187 11 37.4794
187 12 34.6867
187 13 26.4834
187 14 29.8083
187 15 29.9956
187 16 33.3944
187 17 33.2895
187 18 26.0009
187 19 32.9538
187 20 32.0024
187 21 29.8697
187 22 31.1033
187 23 29.0495
187 24 25.9714
187 25 25.1493
187 26 40.0742
187 27 29.9104
187 28 29.409
187 29 31.2272
187 30 26.6737
187 31 32.1991
197 0 24.4327
197 1 28.3223
197 2 32.2795
197 3 28.074
197 4 31.8846
197 5 29.5693
197 6 30.5944
197 7 26.8039
197 8 26.4681
197 9 27.5883
197 10 23.988
197 11 27.1508
197 12 26.1462
197 13 29.5363
197 14 26.3647
197 15 32.1463
197 16 25.074
197 17 29.4197
197 18 27.4315
197 19 28.6536
197 20 23.971
197 21 25.5826
197 22 26.3912
197 23 25.1819
197 24 26.0491
197 25 28.0706
197 26 24.8498
197 27 28.0533
197 28 29.8233
197 29 25.8424
197 30 23.5356
197 31 25.925
198 0 36.4269
198 1 34.28
198 2 35.971
198 3 38.3868
198 4 39.564
198 5 34.4405
198 6 39.9364
198 7 32.9476
198 8 32.5958
198 9 29.1907
198 10 28.7055
198 11 35.2845
198 12 31.349
198 13 32.6586
198 14 32.41
198 15 26.301
198 16 31.6885
198 17 34.4038
198 18 29.7077
198 19 29.4372
198 20 34.6195
198 21 32.8048
198 22 30.9089
198 23 25.2605
198 24 30.9703
198 25 31.2778
198 26 26.6837
198 27 31.1295
198 28 33.2416
198 29 30.3317
198 30 26.2237
198 31 30.5105
199 0 29.93
199 1 24.4828
199 2 27.3863
199 3 25.8924
199 4 28.5854
199 5 25.5283
199 6 27.6712
199 7 23.3116
199 8 27.7346
199 9 28.1291
199 10 26.2698
199 11 27.7003
199 12 26.4016
199 13 26.5567
199 14 23.3072
199 15 22.4998
199 16 27.1989
199 17 22.4416
199 18 25.0918
199 19 26.0823
199 20 26.7976
199 21 21.9085
199 22 20.477
199 23 28.0142
199 24 20.764
199 25 24.5446
199 26 21.8952
199 27 33.99
199 28 24.7744
199 29 27.0488
199 30 22.3675
199 31 23.3053
200 0 37.5522
200 1 31.1784
200 2 58.5093
200 3 28.6751
200 4 28.3851
200 5 28.7638
200 6 39.3766
200 7 34.326
200 8 35.6148
200 9 30.4711
200 10 32.554
200 11 39.5426
200 12 28.5377
200 13 34.6713
200 14 37.3994
200 15 30.4378
200 16 29.8966
200 17 32.7827
200 18 25.9905
200 19 35.0769
200 20 30.5945
200 21 32.7205
200 22 30.1427
200 23 32.7019
200 24 27.3198
200 25 34.2368
200 26 28.5826
200 27 25.5108
200 28 28.2245
200 29 32.7438
200 30 28.8955
200 31 39.8203
202 0 23.8471
202 1 25.0735
202 2 26.926
202 3 28.7846
202 4 27.0195
202 5 28.4039
202 6 28.535
202 7 26.577
202 8 26.3827
202 9 24.8161
202 10 25.8044
202 11 27.1026
202 12 26.8874
202 13 26.3652
202 14 28.0179
202 15 27.1424
202 16 31.1354
202 17 22.8609
202 18 26.8398
202 19 26.4191
202 20 25.6725
202 21 28.2048
202 22 24.0444
202 23 23.0733
202 24 23.7207
202 25 24.657
202 26 30.5529
202 27 28.43
202 28 28.1364
202 29 25.0531
202 30 28.7887
202 31 24.9304
203 0 25.8709
203 1 24.9212
203 2 25.3783
203 3 30.7009
203 4 29.5814
203 5 24.9494
203 6 26.3926
203 7 25.1326
203 8 24.6345
203 9 24.4191
203 10 28.1057
203 11 28.219
203 12 24.5057
203 13 22.6556
203 14 25.862
203 15 27.1787
203 16 24.7452
203 17 23.3996
203 18 26.2784
203 19 24.0546
203 20 27.5749
203 21 23.663
203 22 26.7111
203 23 20.7149
203 24 24.1326
203 25 24.9622
203 26 24.6374
203 27 24.2189
203 28 25.0727
203 29 24.383
203 30 24.3906
203 31 24.3503
204 0 24.3061
204 1 32.3916
204 2 27.5402
204 3 30.6295
204 4 25.573
204 5 31.9764
204 6 27.8213
204 7 27.6841
204 8 29.4502
204 9 25.3542
204 10 25.2412
204 11 25.9464
204 12 32.6367
204 13 31.0151
204 14 27.5431
204 15 23.9808
204 16 28.5954
204 17 29.6206
204 18 27.4167
204 19 30.6116
204 20 27.4323
204 21 28.2327
204 22 28.8313
204 23 24.0514
204 24 26.5742
204 25 25.2196
204 26 27.7541
204 27 21.3365
204 28 25.5079
204 29 23.1648
204 30 21.6567
204 31 26.7182
205 0 25.9953
205 1 26.6462
205 2 25.8471
205 3 26.8841
205 4 28.413
205 5 29.9598
205 6 29.0576
205 7 25.1307
205 8 30.1348
205 9 30.4021
205 10 30.8525
205 11 28.7951
205 12 35.306
205 13 32.2567
205 14 29.5824
205 15 28.2437
205 16 35.6883
205 17 32.1
205 18 30.1858
205 19 28.2644
205 20 24.8149
205 21 35.0082
205 22 27.6997
205 23 27.7948
205 24 31.3514
205 25 31.9438
205 26 23.3607
205 27 23.679
205 28 24.935
205 29 26.2309
205 30 28.693
205 31 32.1992
206 0 21.9815
206 1 22.9649
206 2 25.549
206 3 26.0651
206 4 26.1599
206 5 24.9076
206 6 21.6111
206 7 30.3487
206 8 26.7314
206 9 25.0559
206 10 26.5999
206 11 31.2223
206 12 24.6698
206 13 28.2847
206 14 22.0939
206 15 22.5871
206 16 30.2616
206 17 28.0511
206 18 28.1086
206 19 29.9189
206 20 33.9224
206 21 26.4252
206 22 25.9032
206 23 26.249
206 24 25.1715
206 25 27.268
206 26 29.6436
206 27 24.2577
206 28 24.9614
206 29 24.9132
206 30 28.1274
206 31 26.4723
207 0 28.5043
207 1 27.9611
207 2 28.998
207 3 28.081
207 4 28.1378
207 5 30.565
207 6 31.1854
207 7 29.5428
207 8 28.5751
207 9 27.5203
207 10 27.8832
207 11 29.5737
207 12 30.8119
207 13 27.5771
207 14 26.677
207 15 31.2373
207 16 26.9456
207 17 30.1411
207 18 31.0279
207 19 27.0017
207 20 29.8877
207 21 26.4668
207 22 29.4518
207 23 30.7127
207 24 26.7658
207 25 34.6727
207 26 30.8803
207 27 30.951
207 28 22.5411
207 29 25.4263
207 30 25.4197
207 31 29.9291
209 0 44.0033
209 1 45.0062
209 2 38.1594
209 3 36.3425
209 4 35.368
209 5 30.5525
209 6 36.2901
209 7 41.7382
209 8 43.0824
209 9 33.3277
209 10 40.507
209 11 40.3777
209 12 34.6048
209 13 33.9513
209 14 33.6067
209 15 38.4405
209 16 35.6092
209 17 36.5802
209 18 31.7168
209 19 30.7491
209 20 30.597
209 21 25.3837
209 22 33.4593
209 23 33.2531
209 24 26.4127
209 25 24.6481
209 26 34.0316
209 27 41.0322
209 28 30.9454
209 29 29.6191
209 30 31.2639
209 31 43.6353
210 0 42.6151
210 1 44.0648
210 2 39.9554
210 3 40.468
210 4 43.647
210 5 40.0622
210 6 43.099
210 7 34.8413
210 8 43.881
210 9 38.2834
210 10 35.8097
210 11 41.374
210 12 40.2085
210 13 35.6348
210 14 35.5871
210 15 33.6635
210 16 41.3135
210 17 33.5593
210 18 28.0427
210 19 26.6969
210 20 33.2677
210 21 33.8732
210 22 32.8741
210 23 27.2084
210 24 30.3048
210 25 34.3154
210 26 24.0677
210 27 27.5276
210 28 37.4066
210 29 34.0153
210 30 34.9255
210 31 29.8015
211 0 34.5055
211 1 31.9883
211 2 41.8822
211 3 37.7195
211 4 45.1887
211 5 37.9861
211 6 39.5296
211 7 39.1784
211 8 33.2952
211 9 28.9866
211 10 33.6768
211 11 31.1539
211 12 33.1937
211 13 35.2505
211 14 32.2032
211 15 39.5658
211 16 34.075
211 17 35.9706
211 18 33.6321
211 19 35.1489
211 20 30.4314
211 21 32.8825
211 22 30.1373
211 23 31.0502
211 24 32.6519
211 25 32.9834
211 26 25.9417
211 27 26.0065
211 28 26.7943
211 29 27.6921
211 30 31.3365
211 31 32.7761
212 0 40.5438
212 1 44.9336
212 2 44.3313
212 3 45.2676
212 4 44.2553
212 5 45.5841
212 6 47.0074
212 7 46.3847
212 8 47.0106
212 9 44.4652
212 10 47.5672
212 11 44.922
212 12 48.1376
212 13 39.564
212 14 42.395
212 15 43.2947
212 16 40.4088
212 17 42.4558
212 18 41.6079
212 19 38.0909
212 20 36.0536
212 21 41.2255
212 22 32.448
212 23 35.6844
212 24 37.0514
212 25 31.608
212 26 47.0265
212 27 45.1868
212 28 44.9161
212 29 38.952
212 30 45.3433
212 31 43.0182
213 0 46.9786
213 1 37.9022
213 2 46.8031
213 3 44.3139
213 4 46.4874
213 5 43.608
213 6 46.0699
213 7 34.5298
213 8 38.7067
213 9 47.1084
213 10 44.3336
213 11 43.9651
213 12 38.3038
213 13 42.686
213 14 44.3047
213 15 42.3416
213 16 40.6586
213 17 37.9718
213 18 35.6997
213 19 42.2293
213 20 41.9857
213 21 38.5338
213 22 33.6107
213 23 32.4379
213 24 28.917
213 25 40.1259
213 26 35.3629
213 27 47.1018
213 28 24.2154
213 29 27.0136
213 30 36.2536
213 31 33.0827
216 0 34.053
216 1 34.7788
216 2 42.391
216 3 39.6148
216 4 42.0598
216 5 42.7864
216 6 39.9718
216 7 45.2055
216 8 35.9599
216 9 33.0673
216 10 36.3368
216 11 33.7128
216 12 38.3056
216 13 38.4977
216 14 38.6084
216 15 37.509
216 16 38.5071
216 17 37.9161
216 18 33.8436
216 19 32.5839
216 20 39.3957
216 21 36.0501
216 22 38.2572
216 23 30.7788
216 24 34.7479
216 25 29.9223
216 26 30.3839
216 27 29.1296
216 28 25.5946
216 29 23.7252
216 30 33.5954
216 31 36.7772
220 0 34.1065
220 1 33.7944
220 2 33.2098
220 3 28.829
220 4 31.4782
220 5 30.8144
220 6 36.948
220 7 28.5247
220 8 30.0254
220 9 29.6101
220 10 31.6881
220 11 31.9498
220 12 33.7744
220 13 31.982
220 14 31.9658
220 15 30.8399
220 16 29.7973
220 17 31.2232
220 18 32.1049
220 19 31.0261
220 20 28.2247
220 21 29.133
220 22 29.4556
220 23 28.7216
220 24 27.6436
220 25 25.3436
220 26 35.7195
220 27 35.8321
220 28 29.4738
220 29 32.0707
220 30 35.0003
220 31 29.5355
222 0 31.1138
222 1 28.9694
222 2 33.8201
222 3 30.0261
222 4 31.7433
222 5 29.9161
222 6 33.4207
222 7 31.3
222 8 33.0138
222 9 31.2642
222 10 33.5528
222 11 30.719
222 12 28.5385
222 13 31.4197
222 14 34.0415
222 15 26.6257
222 16 29.5932
222 17 29.2036
222 18 32.3659
222 19 35.4816
222 20 28.7601
222 21 32.6014
222 22 25.9482
222 23 23.9983
222 24 30.3693
222 25 54.362
222 26 32.099
222 27 34.669
222 28 28.346
222 29 30.0552
222 30 27.6582
222 31 29.1463
223 0 61.5585
223 1 37.2552
223 2 47.8874
223 3 37.8238
223 4 32.5898
223 5 32.5898
223 6 34.8073
223 7 42.9963
223 8 42.5166
223 9 39.341
223 10 44.5403
223 11 41.6725
223 12 42.3478
223 13 39.9129
223 14 40.6676
223 15 41.1193
223 16 40.9527
223 17 43.9647
223 18 36.3122
223 19 41.7497
223 20 39.9271
223 21 36.8041
223 22 32.556
223 23 31.0555
223 24 36.4334
223 25 38.3967
223 26 49.8483
223 27 37.7041
223 28 30.4256
223 29 35.0008
223 30 40.1211
223 31 40.0433
228 0 31.095
228 1 33.2652
228 2 35.1938
228 3 32.8231
228 4 32.567
228 5 32.1043
228 6 32.1097
228 7 44.053
228 8 30.585
228 9 39.8028
228 10 36.0645
228 11 29.1878
228 12 38.2856
228 13 28.7367
228 14 28.2441
228 15 32.8236
228 16 34.9419
228 17 33.0706
228 18 31.7294
228 19 33.3025
228 20 31.74
228 21 30.241
228 22 28.2575
228 23 31.9187
228 24 30.4803
228 25 30.2135
228 26 31.4686
228 27 27.7923
228 28 33.7771
228 29 28.214
228 30 27.6946
228 31 36.5603
