05/30/17_16:10:06,98.7135,0.00741252,0.00355123,0.00949093,0.00658028,0.0324565,0.0307609,0.000491683,1
05/30/17_16:09:33,20.1004,0.0029862,0.00161644,0.00842582,0.0298869,0.0288516,0.0301561,0.0329814,1
05/30/17_16:11:04,15.0001,0.00230529,0.00149428,0.0153713,0.0400743,0.0315845,0.0347295,0.00129913,1
05/30/17_16:09:57,14.6409,0.0398814,0.0326571,0.124082,0.0865646,0.372028,0.450904,2.55037,0
05/30/17_16:10:49,25.8314,0.0179669,0.0141902,0.121112,0.0871491,1.82354,3.6585,0.0841821,0
05/30/17_16:11:36,3.99702,0.054374,0.0488016,0.360409,0.394265,0.53902,0.445016,0.0803327,0
05/30/17_16:10:49,35.1002,0.00849159,0.00782177,0.0796298,0.0517905,0.28336,0.348654,0.00616044,1
05/30/17_16:09:41,67.2001,0.00827209,0.00525458,0.0249722,0.0135113,0.284462,0.306321,0.00978007,1
05/30/17_16:12:31,7.50063,0.0112528,0.00792762,0.0596501,0.0813494,0.216203,0.248155,1.12076,0
05/30/17_16:11:02,17.9295,0.0174265,0.012934,0.145081,0.0551917,1.53104,2.50655,0.451932,0
05/30/17_16:11:32,14.7,0.0063207,0.00312707,0.0135581,0.0409457,0.025592,0.0244914,0.00728445,1
05/30/17_16:11:19,2.10632,0.0260403,0.0236395,0.301139,0.286407,0.269051,0.358667,0.160285,0
05/30/17_16:11:41,4.20006,0.0938613,0.0485767,0.447657,0.217094,0.151949,0.314697,8.31727,0
05/30/17_16:12:06,72.8111,0.0141433,0.0180992,0.0955984,0.157328,2.56174,6.92263,0.0224523,0
05/30/17_16:12:51,4.80096,0.0206721,0.0139132,0.134269,0.128958,0.247208,0.242113,22.7626,0
05/30/17_16:11:40,15.0894,0.0663814,0.0433667,0.14012,0.0607491,1.06723,1.91373,12.9073,1
05/30/17_16:11:34,26.4027,0.00620907,0.00473694,0.0132319,0.0227966,0.0221638,0.0209415,0.00573057,1
05/30/17_16:11:23,48.9039,0.007377,0.00458913,0.0328563,0.0130742,0.741646,1.04265,0.0109699,0
05/30/17_16:10:00,4.80082,0.00882117,0.00472069,0.0403469,0.0628589,0.0572427,0.0573945,0.135071,1
05/30/17_16:11:04,65.7002,0.00828011,0.00423521,0.00384905,0.00914921,0.0361225,0.0329158,0.0145295,1
05/30/17_16:12:02,7.80306,0.0085746,0.00776377,0.0728435,0.0769608,0.17207,0.184059,0.0206152,0
05/30/17_16:09:42,257.702,0.00646326,0.00544771,0.00233084,0.010844,0.0344505,0.0329612,0.125601,1
05/30/17_16:10:07,8.70406,0.0426389,0.0215136,0.223828,0.105559,0.161584,0.222107,8.95943,0
05/30/17_16:09:35,88.5323,0.0121884,0.00872503,0.104011,0.0713073,0.291946,0.45603,0.00265229,1
05/30/17_16:09:53,37.2611,0.0134047,0.00828345,0.0161629,0.0166836,0.0413892,0.0393019,0.0247874,1
05/30/17_16:09:48,59.7041,0.0140529,0.00750457,0.0192349,0.0855548,0.102486,0.108517,0.0119588,1
05/30/17_16:10:10,8.40085,0.00152777,0.00133593,0.0124035,0.107182,0.00847232,0.00647989,0.149846,1
05/30/17_16:10:43,18.0052,0.0123383,0.0103617,0.0685378,0.0500036,0.309668,0.397012,1.38992,0
05/30/17_16:10:01,1.21365,0.0175807,0.0301741,0.268151,0.272502,0.508775,0.542967,0.146581,1
05/30/17_16:10:24,152.109,0.00301177,0.00212283,0.00156702,0.00591852,0.0277228,0.027262,0.00101765,1
05/30/17_16:11:18,94.5133,0.00443312,0.00220294,0.0041919,0.00639541,0.0336983,0.030695,0.777521,1
05/30/17_16:12:11,19.2005,0.00417238,0.00350749,0.0274165,0.0315398,0.0322109,0.032256,0.0258408,1
05/30/17_16:10:18,64.8054,0.00776484,0.0121239,0.0715309,0.166197,2.01223,3.82348,0.0111577,0
05/30/17_16:10:16,6.90352,0.0163944,0.014424,0.0995741,0.0918593,0.110676,0.128101,17.361,0
05/30/17_16:10:41,14.1317,0.0168354,0.00873742,0.129004,0.0681152,0.960728,1.36139,3.97766,0
05/30/17_16:09:30,15.6036,0.00436746,0.00436783,0.0482168,0.288432,0.182472,0.175611,0.0199815,1
05/30/17_16:11:28,5.40525,0.0109819,0.00868247,0.0648801,0.111264,0.0917848,0.112785,14.6979,0
05/30/17_16:11:15,4.20819,0.00821724,0.00522007,0.074147,0.145184,0.168657,0.188526,0.0666754,1
05/30/17_16:11:19,10.6225,0.0420154,0.0380803,0.420432,0.187983,1.06301,1.79163,1.83502,0
05/30/17_16:10:37,4.20008,0.00997063,0.00983811,0.115081,0.28583,0.148286,0.120336,0.325161,0
05/30/17_16:11:24,25.8092,0.0211471,0.0202454,0.117825,0.151447,1.37739,2.75165,0.593525,0
05/30/17_16:11:49,5.16838,0.142089,0.0992826,0.608135,0.155333,0.967965,1.69117,7.43273,0
05/30/17_16:11:33,10.8002,0.0539684,0.0281371,0.157605,0.112458,0.358784,0.452968,0.495708,1
05/30/17_16:09:58,3.96377,0.0841547,0.0580032,0.590529,0.139784,0.705611,1.16998,3.01773,0
05/30/17_16:10:08,42.9002,0.00191996,0.00122922,0.00469244,0.013991,0.0194036,0.0186279,0.0140731,1
05/30/17_16:11:17,11.7788,0.0595317,0.0344484,0.541767,0.187452,1.10051,2.40776,4.05947,0
05/30/17_16:10:47,59.1005,0.00337554,0.0022532,0.0163055,0.0103468,0.0462132,0.0544704,0.0173249,1
05/30/17_16:12:41,1.50107,0.0103077,0.0116819,0.19357,0.400035,0.144914,0.237877,0.0324524,1
05/30/17_16:11:15,47.7038,0.00364944,0.00226457,0.0186282,0.0128669,0.179162,0.186097,0.0542241,1
05/30/17_16:11:50,5.40155,0.00913828,0.00654358,0.0751002,0.112846,0.158096,0.190544,0.0480423,1
05/30/17_16:11:15,2.70546,0.0163433,0.0123569,0.166364,0.113507,0.163025,0.150137,0.0270172,1
05/30/17_16:12:19,3.601,0.00171255,0.00133957,0.0249232,0.0834038,0.0532914,0.0533947,0.0582724,1
05/30/17_16:09:20,4.80284,0.0109478,0.00679996,0.0569899,0.124954,0.0754279,0.0933904,0.00342903,1
05/30/17_16:10:37,28.3083,0.0315088,0.0263946,0.100761,0.0342462,1.03713,2.04439,0.00413202,1
05/30/17_16:11:34,5.40452,0.0747966,0.0388427,0.273719,0.184464,0.266707,0.376826,0.150815,0
05/30/17_16:12:11,14.1005,0.00195554,0.000995255,0.0095385,0.0425758,0.0212768,0.019011,0.0058397,1
05/30/17_16:10:25,15.9187,0.011437,0.0116441,0.0666748,0.057042,0.284098,0.322597,0.0436555,0
05/30/17_16:12:04,27.3007,0.0114691,0.0110754,0.119927,0.0798225,0.57422,1.08916,0.0498248,0
05/30/17_16:11:41,18.3001,0.00213851,0.00112636,0.00403693,0.0327991,0.0237901,0.0239317,0.0492026,1
05/30/17_16:10:42,7.51554,0.0379026,0.0312932,0.681125,0.161602,2.16171,3.96559,3.17045,0
05/30/17_16:10:31,130.5,0.00545169,0.00340553,0.00415275,0.00689735,0.0448765,0.0477372,0.00834336,1
05/30/17_16:12:16,13.2016,0.00565274,0.0059869,0.105344,0.0469709,0.377492,0.450552,0.0211223,0
05/30/17_16:10:37,11.7022,0.00945591,0.0120952,0.074767,0.488149,0.0290883,0.03371,0.817338,0
05/30/17_16:11:58,17.7315,0.0464076,0.0421224,0.21106,0.0360953,2.3353,4.26764,2.16013,0
05/30/17_16:10:30,5.4,0.0503683,0.0284245,0.288019,0.167458,0.29749,0.516172,5.58678,0
05/30/17_16:10:31,10.8002,0.00245138,0.00148852,0.00740912,0.0555665,0.0220474,0.0194185,0.712053,1
05/30/17_16:11:41,3.60038,0.0526338,0.0309589,0.150115,0.256419,0.315928,0.415199,0.521572,0
05/30/17_16:11:29,9.60079,0.0475867,0.0221114,0.161993,0.0998554,0.163325,0.238339,5.08621,0
05/30/17_16:10:24,23.5465,0.0289623,0.0167543,0.0905989,0.0411256,1.83776,2.92242,0.903554,0
05/30/17_16:12:09,6.90021,0.00115044,0.000944115,0.0100726,0.0869641,0.0259466,0.0301833,0.0208415,1
05/30/17_16:09:19,9.60248,0.0118515,0.00900209,0.0480459,0.0321882,0.0821745,0.085113,0.0328967,0
05/30/17_16:09:37,50.1003,0.00208601,0.00140003,0.00860219,0.0121055,0.0610846,0.0621759,0.079331,1
05/30/17_16:12:18,5.17956,0.0566849,0.0571945,0.551963,0.123095,0.723339,0.764279,5.823,0
05/30/17_16:11:23,4.27449,0.0308763,0.0253567,0.346937,0.149934,0.67313,0.664229,7.69377,0
05/30/17_16:10:13,41.4043,0.00399041,0.00228795,0.00515197,0.014574,0.0290464,0.0278272,0.00478498,1
05/30/17_16:10:26,80.1371,0.00898553,0.00732366,0.00987229,0.0263712,0.236398,0.266763,0.0101027,1
05/30/17_16:10:04,7.20204,0.0303675,0.0195029,0.339856,0.126021,0.537538,0.778177,18.1491,0
05/30/17_16:10:53,11.7618,0.0182368,0.0292108,0.175203,0.0883045,0.126611,0.136643,0.206619,1
05/30/17_16:11:38,7.50354,0.00342948,0.00463874,0.05185,0.119985,0.0931027,0.102692,0.278906,1
05/30/17_16:10:31,73.5216,0.0149497,0.014131,0.11077,0.126891,2.06753,5.42165,0.0971264,0
05/30/17_16:11:41,30.0162,0.0157102,0.0130551,0.066166,0.0211624,0.419106,0.601143,0.0508321,0
05/30/17_16:11:59,3.65459,0.0275001,0.0267438,0.518514,0.168014,0.582846,0.654828,0.721894,1
05/30/17_16:11:55,4.50145,0.00627225,0.00447644,0.0467402,0.133991,0.0396952,0.0619259,0.0531965,1
05/30/17_16:11:46,62.103,0.00458746,0.00334568,0.00472973,0.00974142,0.0524894,0.0569067,0.0147981,1
05/30/17_16:11:36,8.41032,0.0194288,0.0095584,0.174148,0.0742667,3.03841,5.16131,2.3401,0
05/30/17_16:11:22,54.9217,0.00207561,0.00200354,0.0118279,0.0109335,0.0388552,0.0448863,0.00609814,1
05/30/17_16:11:37,8.10407,0.0327535,0.0228138,0.148546,0.410312,0.117529,0.149539,0.0287618,1
05/30/17_16:11:24,6.41757,0.0217623,0.0162827,0.196025,0.0962147,0.949817,1.66059,5.18938,0
05/30/17_16:12:56,14.7183,0.0252908,0.0152875,0.0501278,0.0658848,0.11197,0.14335,0.0806612,0
05/30/17_16:10:33,50.401,0.0038389,0.00289854,0.0134752,0.0178582,0.0787164,0.0811928,0.0465781,1
05/30/17_16:13:10,6.92022,0.0405381,0.0228406,0.207263,0.0642536,0.972763,1.36255,6.26789,0
05/30/17_16:09:25,4.80157,0.00302515,0.00280213,0.0328549,0.125,0.0452383,0.0484016,0.0307473,1
05/30/17_16:09:57,10.8003,0.00214096,0.00266894,0.0353982,0.0555845,0.0754155,0.0731393,0.0277842,1
05/30/17_16:11:58,1.79999,0.0225549,0.025865,0.240861,0.334397,0.112905,0.133526,0.0861708,1
05/30/17_16:12:21,7.52271,0.010272,0.00707446,0.103151,0.12144,0.499748,0.693711,0.021972,1
05/30/17_16:11:51,52.8071,0.0115087,0.00845415,0.0288893,0.0545812,0.178794,0.191705,0.00429612,0
05/30/17_16:09:49,116.104,0.00377232,0.00258863,0.00493453,0.00548366,0.0365526,0.035622,0.00518219,1
05/30/17_16:12:42,28.5002,0.00204627,0.00181502,0.0115289,0.115815,0.0736842,0.0704984,0.00302283,1
05/30/17_16:10:08,12.309,0.0134339,0.00897496,0.0579335,0.0507766,0.0359796,0.0424823,0.054214,1
05/30/17_16:11:28,18.9023,0.0116009,0.00629324,0.0322568,0.0325991,0.269479,0.341647,4.60808,0
05/30/17_16:11:19,10.5006,0.00184516,0.00161668,0.0116137,0.0572935,0.02866,0.0252405,0.00674845,1
05/30/17_16:10:13,19.5007,0.00249782,0.00153767,0.00755612,0.030783,0.0219167,0.0215837,3.57595,1
05/30/17_16:11:53,63.3099,0.0111013,0.0108732,0.0704476,0.0162115,2.61931,5.67522,0.00638715,0
05/30/17_16:10:34,68.1005,0.00746633,0.00466178,0.0306597,0.0925193,0.035871,0.0414418,0.00555637,1
05/30/17_16:09:38,2.70601,0.0351147,0.0317425,0.287032,0.122023,0.275132,0.213871,145.109,0
05/30/17_16:09:17,44.1292,0.0115221,0.00905585,0.0170246,0.0206751,0.0278675,0.034732,0.00350579,1
05/30/17_16:09:39,3.60302,0.00952909,0.00587298,0.0848842,0.167062,0.0735389,0.110492,0.20016,1
05/30/17_16:09:16,29.4002,0.000836792,0.000569629,0.00912049,0.0204158,0.0574247,0.0573979,0.0248086,1
05/30/17_16:09:37,74.4003,0.00266933,0.00166224,0.0160817,0.0242904,0.28464,0.350659,0.161637,1
05/30/17_16:09:29,11.1466,0.0319781,0.0228367,0.106603,0.0566271,0.155741,0.164266,10.5182,0
05/30/17_16:11:25,1.50161,0.0113077,0.0131276,0.19314,0.399986,0.265023,0.236444,0.537704,1
05/30/17_16:11:51,21.9274,0.0100983,0.00722253,0.0905587,0.0300797,0.115042,0.108452,0.00641826,1
05/30/17_16:10:22,36.0005,0.00233248,0.00172872,0.0107415,0.016738,0.04235,0.0495067,0.000149095,1
05/30/17_16:09:43,113.1,0.000650537,0.000400011,0.00571932,0.00544115,0.0604356,0.0592089,0.00166518,1
05/30/17_16:11:29,14.1036,0.0026439,0.00235544,0.034834,0.0426367,0.062286,0.0623154,0.00768199,1
05/30/17_16:11:47,17.4038,0.0406237,0.0236895,0.133081,0.0396733,0.170419,0.330351,1.86594,0
05/30/17_16:11:55,18.3075,0.0118259,0.00881099,0.119617,0.0657537,1.13427,1.51033,0.00623713,0
05/30/17_16:11:46,9.60206,0.00163678,0.00154141,0.0290439,0.0625473,0.0336685,0.0339086,0.0562175,1
05/30/17_16:10:48,7.80237,0.03375,0.0317089,0.425431,0.239289,0.310699,0.731559,1.65665,0
05/30/17_16:11:34,29.7009,0.00285259,0.00226795,0.0294783,0.303188,0.0277182,0.0332498,0.029351,1
05/30/17_16:11:59,22.8012,0.00227598,0.00140638,0.00534709,0.0131926,0.0232639,0.0223555,0.00660043,1
05/30/17_16:09:45,18.6031,0.00418876,0.00391431,0.0247166,0.0327001,0.026955,0.0274406,0.00985122,1
05/30/17_16:12:13,4.50008,0.00442086,0.00440582,0.0513532,0.199994,0.0767103,0.114505,0.0217464,1
05/30/17_16:12:13,112.201,0.00672952,0.00479247,0.0400121,0.155101,1.93328,4.16677,0.00222473,0
05/30/17_16:09:43,102.9,0.00292425,0.00169309,0.00346681,0.00588003,0.335038,0.597404,0.00146672,1
05/30/17_16:12:03,4.20862,0.00884008,0.00630673,0.0817135,0.1438,0.108208,0.13402,0.0251551,1
05/30/17_16:10:49,12.0256,0.0252975,0.0137482,0.10755,0.0592725,0.910607,1.3142,0.683773,0
05/30/17_16:10:58,21.0087,0.00293477,0.00197435,0.0158785,0.0286763,0.132829,0.167106,0.00735689,0
05/30/17_16:12:07,38.7006,0.0387909,0.0262051,0.177599,0.0505434,0.553853,1.1625,2.28308,1
05/30/17_16:11:37,12.6006,0.0248415,0.0118553,0.0603316,0.0480236,0.109173,0.116556,10.7212,0
05/30/17_16:09:45,66.0029,0.0453219,0.0294537,0.0350736,0.0147632,0.0471486,0.0495141,0.00187965,1
05/30/17_16:10:42,6.00355,0.0289826,0.0203804,0.156111,0.459704,0.118747,0.203965,0.0242988,1
05/30/17_16:10:07,52.2958,0.0229352,0.0177113,0.0295262,0.0203692,0.0952537,0.119331,0.00669968,1
05/30/17_16:10:07,6.00181,0.00196191,0.00211942,0.0329104,0.100033,0.0835598,0.0861109,3.89567,0
05/30/17_16:11:38,12.9047,0.0190031,0.0135299,0.0722866,0.105179,0.584751,0.687755,11.2093,0
05/30/17_16:10:29,6.90005,0.00161191,0.00090758,0.00667663,0.0869679,0.0120744,0.0107541,1.17429,1
05/30/17_16:11:27,22.5305,0.0128071,0.0121647,0.0350927,0.0268403,0.0574215,0.0663293,0.0583417,1
05/30/17_16:10:48,102.017,0.00380036,0.00284356,0.00317319,0.00594349,0.0368163,0.0338136,0.00133192,1
05/30/17_16:11:14,22.6224,0.0179594,0.0215799,0.157162,0.136912,1.86541,2.93665,0.537059,0
05/30/17_16:10:06,27.0018,0.0196382,0.018657,0.212684,0.131523,1.28065,2.2046,0.145987,0
05/30/17_16:10:54,3.61355,0.0205987,0.0140684,0.173943,0.167627,0.607504,0.798258,0.159076,1
05/30/17_16:10:14,20.1114,0.033881,0.0153454,0.139687,0.283886,1.12067,2.27123,0.226897,0
05/30/17_16:10:46,3.30001,0.00298795,0.00263812,0.0223282,0.0910255,0.0176948,0.0155423,0.663371,1
05/30/17_16:11:17,12.9585,0.0409021,0.0232715,0.126427,0.0569438,0.223198,0.252333,0.0112988,0
05/30/17_16:10:08,15.9002,0.0103592,0.0055439,0.0308414,0.0381039,0.0281249,0.0298307,0.0377836,1
05/30/17_16:11:26,24.7128,0.0162595,0.00863862,0.0809095,0.0243034,1.10284,2.15256,4.55679,0
05/30/17_16:10:28,319.881,0.00485191,0.00261682,0.00296828,0.00189013,0.0385107,0.0363588,0.000900463,1
05/30/17_16:12:21,12.0387,0.014077,0.0144805,0.0951085,0.0505955,0.398038,0.5134,2.78272,0
05/30/17_16:10:18,1.20154,0.00468766,0.00480738,0.0817968,0.50045,0.143897,0.207087,0.0682553,1
05/30/17_16:11:44,24.0069,0.0192744,0.0100101,0.080296,0.31494,1.01862,1.44252,0.727156,0
05/30/17_16:11:16,9.90652,0.0418276,0.0221219,0.0940892,0.0959067,0.365454,0.466398,0.0904425,1
05/30/17_16:11:46,8.70001,0.00874918,0.00620349,0.0728785,0.517589,0.196318,0.24644,0.295131,1
05/30/17_16:11:33,2.70058,0.0036564,0.00359002,0.0591946,0.111435,0.119282,0.104315,0.476652,0
05/30/17_16:10:17,9.3028,0.002128,0.00285778,0.0327832,0.0646132,0.06609,0.0864355,0.00451496,0
05/30/17_16:10:38,56.4059,0.00225115,0.00164529,0.00630938,0.0107799,0.0553051,0.0499794,0.0135727,1
05/30/17_16:12:11,30.0002,0.00180582,0.00109301,0.00351571,0.0200019,0.0206848,0.0198884,0.0256909,1
05/30/17_16:11:38,5.70223,0.00551799,0.0043795,0.0465288,0.105719,0.508639,0.62483,0.0721035,1
05/30/17_16:11:34,7.80032,0.00214417,0.00121622,0.0182643,0.0385883,0.0791953,0.0823811,0.0272139,0
05/30/17_16:09:38,44.7001,0.00352298,0.00191102,0.00263474,0.0134389,0.0140218,0.0131601,0.0122309,1
05/30/17_16:12:07,16.5,0.00542233,0.00289557,0.01322,0.0364769,0.0246272,0.0234977,0.00955354,1
05/30/17_16:10:42,7.20008,0.00984313,0.0083248,0.0903405,0.0846058,0.292721,0.345777,0.00778932,0
05/30/17_16:10:02,7.50089,0.0128473,0.00647008,0.217624,0.120349,0.124736,0.151297,0.0740249,0
05/30/17_16:11:31,6.00011,0.00218244,0.00209998,0.0324268,0.100107,0.0522031,0.0590448,0.0158234,1
05/30/17_16:10:50,43.2,0.00417171,0.00242927,0.00752953,0.0490405,0.0396544,0.0349327,0.0148802,1
05/30/17_16:09:46,24.901,0.00317694,0.00280154,0.00965149,0.0241264,0.0196559,0.0193315,0.193977,1
05/30/17_16:11:04,3.05303,0.0951493,0.0795171,0.932232,0.740084,0.160831,0.231198,13.3023,0
05/30/17_16:10:42,186.024,0.00375496,0.00282987,0.00417233,0.00347656,0.0409398,0.0389456,0.00298205,1
05/30/17_16:11:31,81.1143,0.00929521,0.00661941,0.0519633,0.0756822,1.23749,2.57569,0.0115582,0
05/30/17_16:11:48,7.50955,0.0182896,0.0191802,0.156333,0.0800824,0.462205,0.571169,4.82095,0
05/30/17_16:10:04,8.7086,0.0794519,0.0619721,0.539998,0.214522,2.20551,4.02246,6.3705,0
05/30/17_16:10:37,3.60033,0.00607189,0.0050885,0.0449233,0.0838267,0.0417046,0.036914,3.70913,1
05/30/17_16:09:42,9.00131,0.0243687,0.0155353,0.0838722,0.0680641,0.0971585,0.105109,3.20867,0
05/30/17_16:11:09,110.506,0.00898724,0.00831176,0.0421057,0.0779049,2.16556,4.66436,0.00108667,0
05/30/17_16:09:48,20.4002,0.00511342,0.00305783,0.0135257,0.147102,0.0358298,0.0355449,0.0954422,1
05/30/17_16:09:44,6.01214,0.0217182,0.0160684,0.161748,0.107494,0.680077,0.652116,7.77195,0
05/30/17_16:09:49,100.8,0.00622812,0.00349385,0.00199897,0.00597094,0.0281974,0.0258573,0.00208321,1
05/30/17_16:10:52,2.11328,0.018471,0.0221213,0.477989,0.284718,0.481933,0.47759,0.501286,1
05/30/17_16:10:31,45.7198,0.0151085,0.0148186,0.147433,0.0865343,1.5697,3.55671,0.0160658,0
05/30/17_16:12:46,1.50017,0.0130411,0.0136662,0.183979,0.400026,0.0874798,0.136201,0.723946,1
05/30/17_16:11:26,6.93732,0.0250957,0.0204251,0.136427,0.364551,0.531085,0.638341,6.99207,0
05/30/17_16:11:04,17.1041,0.00806442,0.00593574,0.03536,0.0356522,0.129225,0.12866,0.00443291,1
05/30/17_16:12:08,4.20002,0.00444677,0.0032149,0.0317933,0.142881,0.0387547,0.0472407,1.71712,1
05/30/17_16:11:46,11.7037,0.0197901,0.020566,0.173569,0.0531324,1.5216,2.0886,1.46549,0
05/30/17_16:11:52,12.0033,0.00563051,0.0048398,0.044837,0.0499961,0.439805,0.639024,0.0058095,0
05/30/17_16:11:08,6.61826,0.0624383,0.0329895,0.227592,0.113979,0.247838,0.376172,8.10955,0
05/30/17_16:09:38,45.0302,0.00962617,0.00548608,0.0198774,0.02052,0.194329,0.204277,0.467353,1
05/30/17_16:11:24,9.01353,0.0137315,0.0106359,0.126021,0.0689449,0.0834441,0.0669988,0.601808,0
05/30/17_16:11:50,6.9281,0.0265049,0.0252559,0.243995,0.0886042,0.222005,0.228737,14.3693,0
05/30/17_16:09:52,3.00079,0.127736,0.0805736,0.937672,0.279901,0.398191,1.16134,96.9792,0
05/30/17_16:11:41,6.301,0.018576,0.0107601,0.084547,0.0494173,0.0921042,0.0796963,0.952421,0
05/30/17_16:10:53,2.70208,0.00846304,0.00644775,0.10226,0.222061,0.0701004,0.132527,0.196185,1
05/30/17_16:10:24,14.4032,0.00605798,0.00319792,0.0379349,0.0423498,0.101092,0.153766,0.0033892,1
05/30/17_16:10:08,26.422,0.0105333,0.00955052,0.117116,0.172828,0.426029,0.581089,0.141469,0
05/30/17_16:12:05,32.1013,0.0149658,0.00937621,0.0129179,0.0187677,0.0214778,0.0212812,0.0350523,1
05/30/17_16:11:58,4.80453,0.0078685,0.00524103,0.0681327,0.125403,0.0601156,0.0877188,0.00927017,1
05/30/17_16:11:37,20.101,0.00256791,0.00138712,0.0102313,0.0299056,0.00691321,0.00706924,0.350798,1
05/30/17_16:12:13,3.30041,0.00565722,0.00373024,0.0426595,0.0911462,0.0545351,0.0484455,0.0283582,1
05/30/17_16:11:06,22.8001,0.00170666,0.00105834,0.0142185,0.0263311,0.0363952,0.0347887,0.00348742,1
05/30/17_16:10:43,5.74021,0.123585,0.0539626,1.01735,0.213364,0.846808,2.16195,8.35141,0
05/30/17_16:11:16,4.21841,0.0256297,0.0186356,0.209102,0.143609,0.141995,0.194582,8.91252,0
05/30/17_16:10:19,95.1,0.00750063,0.00280704,0.0035736,0.00897091,0.0391193,0.0407035,0.0142094,1
05/30/17_16:11:34,12.0098,0.0122609,0.010475,0.106244,0.0525927,0.119366,0.129934,0.0557533,0
05/30/17_16:10:09,55.8078,0.00670092,0.00612336,0.0181805,0.0946654,0.276327,0.32021,0.0169242,1
05/30/17_16:10:02,22.8,0.00919856,0.00526862,0.0149989,0.0265545,0.0558412,0.0546273,0.40642,1
05/30/17_16:11:24,13.6022,0.0203628,0.0270284,0.24936,0.0540266,0.679993,1.06437,2.19664,0
05/30/17_16:09:39,4.80013,0.00270602,0.0014765,0.0143161,0.0625417,0.0236053,0.0224715,0.126011,1
05/30/17_16:10:46,11.4036,0.00900126,0.00715191,0.0358952,0.474655,0.0491849,0.0192206,0.0116448,1
05/30/17_16:11:36,9.30035,0.0335533,0.0193439,0.110694,0.0694974,0.142799,0.15879,3.32902,0
05/30/17_16:12:08,17.4318,0.0116989,0.00686575,0.0603141,0.0381628,0.104244,0.109462,0.87369,0
05/30/17_16:11:01,4.8144,0.0159186,0.0106567,0.198428,0.187631,0.107028,0.163241,0.465945,1
05/30/17_16:10:38,32.4005,0.00677179,0.00398948,0.00564961,0.018529,0.0201186,0.0184801,0.0290485,1
05/30/17_16:11:26,15.6019,0.00940819,0.00518818,0.0395271,0.0384884,0.624761,0.942824,6.5703,0
05/30/17_16:11:55,7.20012,0.032193,0.0227222,0.158317,0.0925146,0.126432,0.160079,0.0597776,0
05/30/17_16:12:21,37.5,0.000890566,0.000422285,0.00871911,0.0160781,0.0269206,0.0247087,0.00444575,1
05/30/17_16:10:04,5.10088,0.00871957,0.00548437,0.0551594,0.117819,0.0988737,0.0974729,0.0336491,0
05/30/17_16:09:32,26.4003,0.00222558,0.00163809,0.00381396,0.0227498,0.0156448,0.0147486,0.0103307,1
05/30/17_16:09:53,232.801,0.00180189,0.00106413,0.00232112,0.00132134,0.0602186,0.0794832,0.000885653,1
05/30/17_16:10:46,14.4007,0.0149409,0.0102989,0.0346837,0.0426622,0.053795,0.0531344,3.63017,1
05/30/17_16:10:27,2.70032,0.0123649,0.00608905,0.0924111,0.223172,0.0821148,0.0731814,22.7597,0
05/30/17_16:11:05,2.40103,0.0116976,0.0157086,0.135851,0.253363,0.0974544,0.110124,0.0972469,0
05/30/17_16:11:26,50.7001,0.00121644,0.000801379,0.00928933,0.0592096,0.0379275,0.0371888,0.0193231,1
05/30/17_16:12:05,72.6895,0.0106513,0.01415,0.1325,0.0611289,2.01127,4.56716,0.00482998,0
05/30/17_16:10:56,99.3002,0.00202212,0.00161967,0.00623819,0.00910134,0.129699,0.179551,0.00150769,1
05/30/17_16:09:55,4.50005,0.0105968,0.0128961,0.168396,0.200434,0.432771,0.493471,5.7058,0
05/30/17_16:09:27,113.1,0.00371259,0.00193946,0.00329091,0.00539465,0.043333,0.0400556,0.000594298,1
05/30/17_16:11:33,23.4376,0.0579822,0.0270545,0.191613,0.0560136,2.43155,5.62427,0.0260707,1
05/30/17_16:12:10,1.50024,0.00488085,0.00644173,0.0919283,0.20059,0.0974308,0.092027,3.07694,1
05/30/17_16:10:53,3.94068,0.0357052,0.0307599,0.494633,0.304546,0.320917,0.273084,0.652741,0
05/30/17_16:11:02,6.3161,0.0250381,0.0132317,0.230673,0.143018,0.692449,1.05977,1.29906,0
05/30/17_16:10:15,58.8203,0.00434098,0.00289881,0.0116742,0.0102507,0.0459852,0.0437149,0.24329,1
05/30/17_16:10:37,3.90348,0.00809964,0.00585669,0.0755081,0.077779,0.0969027,0.0905167,0.0377821,1
05/30/17_16:10:33,20.7061,0.00160245,0.00158479,0.0157979,0.0434706,0.0637803,0.0888147,0.00706968,1
05/30/17_16:11:10,66.7105,0.00787573,0.00915113,0.0638738,0.0911726,0.774471,1.64468,1.55111,0
05/30/17_16:11:31,6.03103,0.0720109,0.0351932,0.351028,0.204623,1.17027,1.66493,5.33583,0
05/30/17_16:11:15,11.4,0.0278158,0.0177921,0.24185,0.106742,0.219679,0.356161,5.38018,0
05/30/17_16:10:11,11.4,0.00534795,0.00597518,0.0673046,0.188714,0.312777,0.348893,0.222547,0
05/30/17_16:10:31,1.51417,0.0179046,0.0176568,0.325549,0.39978,0.390008,0.414757,0.574134,0
05/30/17_16:11:22,42.6377,0.00398847,0.00660867,0.0188676,0.0160196,0.0527235,0.0428985,0.00444229,1
05/30/17_16:10:18,10.8005,0.00724999,0.00409734,0.034852,0.0841142,0.125797,0.109616,0.0839334,1
05/30/17_16:09:57,6.00028,0.00254904,0.00177836,0.0331462,0.100125,0.0421215,0.0456647,0.0996472,1
05/30/17_16:10:18,44.1315,0.00598534,0.00481659,0.061285,0.110446,1.27993,2.52348,0.0062385,0
05/30/17_16:12:28,14.1004,0.0239113,0.0171006,0.165819,0.0695007,0.858912,1.23506,0.0341957,1
05/30/17_16:10:35,15,0.013909,0.011753,0.0837029,0.041939,0.0666574,0.0891582,0.0110027,1
05/30/17_16:12:06,4.20155,0.0374502,0.0270304,0.202595,0.0817082,0.13271,0.126826,28.7171,0
05/30/17_16:10:56,5.10604,0.0129084,0.0160515,0.123908,0.124968,0.174224,0.178534,9.65455,0
05/30/17_16:10:08,3.30108,0.0125085,0.0126896,0.325684,0.182007,1.36857,1.25841,9.27777,0
05/30/17_16:11:14,20.1025,0.0124604,0.00774148,0.0484115,0.179126,0.11415,0.113378,0.0185215,1
05/30/17_16:10:42,3.60783,0.0307942,0.0192408,0.261082,0.251956,0.248203,0.252605,37.7648,1
05/30/17_16:10:36,5.70253,0.00668105,0.00569941,0.0459644,0.05343,0.0446076,0.0415036,2.67605,1
05/30/17_16:11:26,14.4231,0.0333295,0.0234525,0.16829,0.145673,1.55015,2.71626,0.0135167,0
05/30/17_16:10:04,1.50018,0.003269,0.0042179,0.0572131,0.200274,0.0673403,0.0691933,0.921288,1
05/30/17_16:12:20,9.30623,0.00833803,0.00613174,0.0492845,0.065055,0.0715512,0.0613751,0.0315135,0
05/30/17_16:11:03,27.3023,0.0060753,0.00488178,0.0156464,0.0225522,0.0580007,0.0624732,0.00158269,1
05/30/17_16:10:26,27.0041,0.0060555,0.00318176,0.0124548,0.0226733,0.0942429,0.0942031,0.156805,1
05/30/17_16:10:15,8.70037,0.00563057,0.0043638,0.0324375,0.0692892,0.0313693,0.0326668,0.0616654,1
05/30/17_16:12:12,9.60984,0.0483191,0.0406623,0.501135,0.166138,1.23237,2.72997,0.0772746,0
05/30/17_16:12:47,115.2,0.00768288,0.00743621,0.0444233,0.125232,2.31535,5.4954,0.00414856,0
05/30/17_16:10:04,54.3006,0.00295134,0.00183423,0.00675817,0.0110611,0.0166205,0.015397,0.0150362,1
05/30/17_16:11:58,5.73521,0.0269609,0.0186699,0.168116,0.110783,0.331686,0.529072,1.17374,0
05/30/17_16:10:26,74.2269,0.0107345,0.0113422,0.0236051,0.00810516,0.0417054,0.0467103,0.0226789,1
05/30/17_16:11:48,54.0001,0.00751643,0.00398188,0.00360703,0.0111875,0.0118023,0.0125699,0.0962728,1
05/30/17_16:11:44,8.1017,0.00587743,0.00318984,0.0293067,0.0742312,0.0444086,0.0453279,2.28932,1
05/30/17_16:11:27,7.50003,0.0316988,0.0219855,0.123151,0.0867008,0.560009,0.853248,3.934,0
05/30/17_16:09:50,5.10261,0.0105257,0.00941445,0.282171,0.176542,0.370366,0.465771,3.04775,1
05/30/17_16:09:56,318.731,0.0086587,0.00597981,0.00205472,0.00191547,0.0542192,0.0531493,0.0989387,1
05/30/17_16:11:40,50.1033,0.0269511,0.0274914,0.158203,0.205683,1.91001,4.85716,0.468443,0
05/30/17_16:11:59,5.43004,0.0117399,0.00912803,0.121102,0.117467,0.653042,1.05463,1.17314,0
05/30/17_16:11:20,2.70041,0.00178834,0.00151376,0.0383313,0.33329,0.0192639,0.0146207,1.0215,1
05/30/17_16:11:51,76.5,0.000458959,0.000313237,0.000975946,0.00784298,0.0160177,0.0148898,0.00322928,1
05/30/17_16:09:37,4.50003,0.00227726,0.00217736,0.0409861,0.133381,0.0711861,0.0852237,0.0249239,1
05/30/17_16:10:48,12.6003,0.00386536,0.00216414,0.0118676,0.0476642,0.0517944,0.0499052,0.0665547,1
05/30/17_16:11:41,3.00015,0.0107666,0.00787609,0.120132,0.202042,0.173041,0.219793,4.98783,0
05/30/17_16:10:31,9.59997,0.00146356,0.000859757,0.00435841,0.0625036,0.0121035,0.0102492,0.306295,1
05/30/17_16:12:10,6.00087,0.0103225,0.00666319,0.0538245,0.10016,0.0357564,0.035893,0.264253,1
05/30/17_16:10:41,19.3124,0.0505825,0.0622805,0.805009,0.173199,4.28523,9.17008,1.7724,0
05/30/17_16:10:29,18.6064,0.00140016,0.00139866,0.0116755,0.0323217,0.054369,0.0739968,0.00151098,1
05/30/17_16:11:43,19.8092,0.00427352,0.0039685,0.0248527,0.031032,0.030068,0.0337028,0.0094551,1
05/30/17_16:11:22,17.4003,0.0226964,0.0120606,0.221266,0.0461114,0.967829,1.96447,0.211748,0
05/30/17_16:10:42,15.5203,0.0455013,0.0382502,0.709886,0.142463,1.41203,2.9472,4.3637,0
05/30/17_16:10:42,74.7001,0.0155105,0.00811926,0.103092,0.0460877,0.695201,1.29868,0.0075857,1
05/30/17_16:11:30,3.90813,0.0137715,0.0102655,0.12303,0.233382,0.0879565,0.0869205,22.6411,1
05/30/17_16:12:30,36.0019,0.00365769,0.0037364,0.035928,0.0166711,0.0535718,0.053329,0.19542,1
05/30/17_16:12:26,41.1425,0.0133007,0.0140527,0.134233,0.0450475,2.21,4.57591,0.0212883,0
05/30/17_16:10:00,2.70246,0.00988805,0.0140483,0.165388,0.226156,0.214334,0.194692,0.195003,0
05/30/17_16:10:18,30.109,0.0195986,0.0110265,0.101773,0.0222369,1.50843,2.70703,1.75161,0
05/30/17_16:11:23,7.80783,0.0151359,0.00920442,0.142933,0.118602,0.22716,0.310856,7.54753,0
05/30/17_16:10:14,6.30859,0.0188221,0.0165744,0.169416,0.104602,0.949119,1.14174,6.96692,0
05/30/17_16:11:10,15.3015,0.00450296,0.00294251,0.0150896,0.0392386,0.0247437,0.0263776,1.76052,1
05/30/17_16:12:05,6.0159,0.0419479,0.0259934,0.241324,0.151707,1.11808,1.54463,9.79609,0
05/30/17_16:11:24,3.00209,0.00571693,0.00399051,0.0733267,0.200246,0.0780753,0.114642,0.0314006,1
05/30/17_16:11:02,10.5001,0.00750147,0.0059355,0.037314,0.0578843,0.0434515,0.0474557,0.415676,1
05/30/17_16:09:23,5.7015,0.00877905,0.00471717,0.104913,0.159104,0.415365,0.390022,0.237871,1
05/30/17_16:10:50,15.9022,0.00754098,0.00420114,0.0160793,0.0378868,0.0695169,0.0744335,0.0188549,1
05/30/17_16:11:12,16.5004,0.0120809,0.00686217,0.045961,0.291146,0.313296,0.339485,0.0273957,1
05/30/17_16:13:05,6.93631,0.028509,0.0185747,0.176364,0.0937183,0.783104,1.13859,0.0717269,0
05/30/17_16:12:02,30.6008,0.00113837,0.000894234,0.0113147,0.0196648,0.0340429,0.0352928,0.464297,1
05/30/17_16:12:10,7.80161,0.0037293,0.00363559,0.0348005,0.115453,0.0256841,0.0277493,0.285217,1
05/30/17_16:10:07,1.50047,0.0225653,0.0250255,0.309532,0.399871,0.143738,0.163633,0.381475,1
05/30/17_16:10:03,26.4965,0.0689407,0.0673484,0.252095,0.512304,2.04533,4.07173,0.54398,0
05/30/17_16:11:30,5.10003,0.00191431,0.00128878,0.00955712,0.0588458,0.0164433,0.0156844,0.069194,1
05/30/17_16:12:04,9.30115,0.0124737,0.017354,0.25385,0.162192,0.186812,0.210704,0.0481215,1
05/30/17_16:12:02,9.90062,0.0164064,0.00879721,0.15914,0.0635123,0.822587,1.0726,6.66852,0
05/30/17_16:10:59,30.6002,0.00296994,0.00198199,0.0622365,0.235416,0.100871,0.10162,0.149732,1
05/30/17_16:10:14,4.50643,0.0112543,0.0107745,0.136799,0.270387,0.510834,0.680242,0.127985,1
05/30/17_16:12:20,17.4463,0.0285618,0.0228998,0.292128,0.0762093,0.60168,0.860721,0.0584297,0
05/30/17_16:10:19,126.042,0.00996501,0.00745385,0.00523447,0.00497137,0.0312387,0.032413,0.00790885,1
05/30/17_16:11:41,6.90222,0.0137368,0.00860383,0.147116,0.131527,0.0984102,0.0796825,9.46706,0
05/30/17_16:11:44,9.94324,0.03488,0.0297115,0.299288,0.0741078,2.10622,3.41909,0.2513,0
05/30/17_16:11:12,10.8538,0.0125796,0.0122417,0.209126,0.0554071,2.98861,5.99708,5.15589,0
05/30/17_16:12:22,10.5131,0.0102724,0.00931411,0.122421,0.0572346,0.90202,1.43819,4.60152,0
05/30/17_16:13:08,15.1547,0.0200394,0.022687,0.34692,0.089712,1.11892,2.2085,7.40711,1
05/30/17_16:10:06,15.601,0.00497798,0.00392112,0.0678021,0.115662,0.216336,0.265859,9.43997,1
05/30/17_16:11:51,3.3001,0.00321722,0.00257313,0.0695279,0.181857,0.105567,0.0964846,0.310333,0
05/30/17_16:10:40,210.07,0.00643154,0.00556863,0.00278237,0.00289901,0.0388937,0.0372705,0.0065172,1
05/30/17_16:10:51,10.2008,0.00272153,0.00167158,0.0259314,0.0590242,0.10863,0.121169,7.90204,0
05/30/17_16:09:53,97.2009,0.0144089,0.00840063,0.0172062,0.0284024,0.0394053,0.0469308,0.00101302,1
05/30/17_16:11:24,2.70002,0.00293372,0.00236535,0.0307126,0.222281,0.0345149,0.0316261,0.114296,1
05/30/17_16:10:49,123.601,0.00989199,0.00563482,0.00394579,0.00501406,0.0366502,0.0357628,0.0445687,1
05/30/17_16:10:03,9.9251,0.0151537,0.00960458,0.0817206,0.0635367,0.362069,0.436038,3.28779,0
05/30/17_16:11:15,10.5002,0.011209,0.00597287,0.0535365,0.0574508,0.134103,0.160435,6.93151,0
05/30/17_16:11:29,10.8151,0.0437535,0.0373001,0.525988,0.299673,0.424849,0.637186,1.10413,0
05/30/17_16:09:18,2.1107,0.0101044,0.0125645,0.118913,0.287562,0.254459,0.313543,0.128561,1
05/30/17_16:10:00,12.3022,0.0129033,0.00707145,0.0218912,0.0490045,0.0448003,0.0493729,0.0109309,1
05/30/17_16:09:40,26.4313,0.00191833,0.00234143,0.037553,0.0229649,0.131726,0.144508,0.0302451,1
05/30/17_16:10:02,42.9163,0.0237759,0.014631,0.0146238,0.0148387,0.109219,0.17542,0.00526275,1
05/30/17_16:10:09,5.40132,0.00496844,0.00409785,0.0482457,0.111163,0.0436626,0.0426481,0.565197,1
05/30/17_16:09:38,11.7012,0.0046521,0.00361486,0.0326694,0.0517286,0.0628977,0.0570663,0.115748,1
05/30/17_16:10:03,31.2001,0.00593236,0.0048092,0.0320487,0.0194117,0.532794,0.806994,0.982807,0
05/30/17_16:11:18,24.3039,0.00905418,0.00572413,0.0183849,0.0372199,0.0552615,0.0524422,0.163066,1
05/30/17_16:12:29,3.90003,0.00989376,0.00499122,0.0489152,0.231258,0.0138336,0.0118205,0.0395798,1
05/30/17_16:11:26,6.30646,0.0082313,0.0064445,0.0610989,0.0971996,0.0521471,0.0683222,0.106478,1
05/30/17_16:11:00,2.70418,0.00611497,0.00779098,0.131296,0.222527,0.0965123,0.0962493,3.75196,1
05/30/17_16:09:29,11.4022,0.027706,0.0140775,0.0668571,0.452654,0.0265263,0.0338027,0.0196589,1
05/30/17_16:10:48,7.83324,0.00873102,0.00304952,0.520807,0.540073,0.0610066,0.0381633,2.41901,0
05/30/17_16:11:53,8.09999,0.0253268,0.0137551,0.0605458,0.0381232,0.0546626,0.0610753,9.07597,1
05/30/17_16:10:42,20.157,0.0486679,0.0265273,0.336868,0.0707794,1.73996,3.70856,5.26018,0
05/30/17_16:11:37,27.3006,0.0167635,0.0178067,0.11801,0.0553374,0.295933,0.354217,0.983933,0
05/30/17_16:09:40,11.1186,0.0130891,0.0118487,0.0868055,0.0813971,0.0557405,0.0482889,0.0206132,1
05/30/17_16:12:35,3.90004,0.0036993,0.00216584,0.0302415,0.0770465,0.0667309,0.0670248,0.630025,1
05/30/17_16:09:50,387.011,0.00159135,0.00108084,0.00209596,0.00156093,0.0404904,0.0395921,0.000788138,1
05/30/17_16:10:47,11.7016,0.00307021,0.00248262,0.0200152,0.0513753,0.0253173,0.0255514,0.0910294,1
05/30/17_16:11:22,33.3021,0.0103319,0.00757967,0.0792128,0.0491771,0.289169,0.40597,0.177094,0
05/30/17_16:11:39,4.50596,0.0252672,0.0152554,0.150243,0.134929,0.190185,0.171822,7.93449,0
05/30/17_16:12:05,10.2122,0.00413897,0.00262187,0.0424037,0.0882437,0.385435,0.555492,0.049829,1
05/30/17_16:10:06,34.8047,0.00982507,0.00702979,0.0228292,0.0432324,0.0510992,0.0516302,0.00225729,1
05/30/17_16:10:17,77.7141,0.00798855,0.00832074,0.0565229,0.189451,2.21895,4.5283,0.00317706,0
05/30/17_16:09:59,26.1017,0.0143099,0.00887182,0.0128961,0.0234217,0.0413416,0.0400688,0.00746454,1
05/30/17_16:09:50,246.9,0.00409349,0.00287698,0.00220721,0.00244945,0.0422231,0.0412409,0.000701024,1
05/30/17_16:11:14,30.6753,0.0202767,0.0121738,0.162808,0.03912,3.04181,6.47926,2.33023,0
05/30/17_16:09:20,192.918,0.00971456,0.00588764,0.00505892,0.0109025,0.0678493,0.067223,0.00429183,1
05/30/17_16:12:52,7.50004,0.00791895,0.00473286,0.0940704,0.0802163,0.288724,0.308675,4.63321,0
05/30/17_16:10:13,336.342,0.00876314,0.00504408,0.00169078,0.00191375,0.0372353,0.0360181,0.000740252,1
05/30/17_16:11:08,26.1004,0.00389616,0.00395716,0.0362183,0.0871025,0.0888521,0.102482,0.0283977,0
05/30/17_16:10:00,15.0026,0.00428125,0.00299863,0.0271432,0.179971,0.194637,0.244239,0.0374326,1
05/30/17_16:11:08,4.49999,0.0203931,0.0121257,0.128237,0.134918,0.0726434,0.0728253,0.148042,1
05/30/17_16:10:09,61.2039,0.00558873,0.00356757,0.0137233,0.0100677,0.0376387,0.0457978,0.002061,1
05/30/17_16:10:52,15.006,0.00658676,0.0066072,0.0563379,0.0400587,0.0958729,0.124865,0.0111235,1
05/30/17_16:11:38,9.30363,0.00525373,0.00342157,0.0304608,0.065243,0.0396933,0.0430765,0.0438049,1
05/30/17_16:10:01,16.8038,0.014779,0.0109237,0.119663,0.0541247,1.13497,1.66839,0.75486,0
05/30/17_16:11:40,5.99998,0.0043033,0.00312237,0.0229332,0.0501664,0.0228767,0.0198795,0.0267085,1
05/30/17_16:11:00,9.6097,0.0104105,0.00677146,0.0623511,0.0624458,0.0942146,0.0950398,7.52317,0
05/30/17_16:10:17,4.2201,0.0232277,0.0143219,0.239799,0.153474,0.521395,0.651979,0.0952698,1
05/30/17_16:12:06,89.7196,0.0227135,0.01327,0.00927817,0.00676417,0.0513267,0.05655,0.000306284,1
05/30/17_16:10:34,42.0005,0.000920576,0.000572965,0.00354679,0.0142873,0.0200858,0.018551,0.00208284,1
05/30/17_16:10:31,27.6051,0.00412664,0.00325571,0.00656253,0.0109392,0.0301749,0.0294424,0.00341708,1
05/30/17_16:10:24,4.54394,0.0102067,0.00731869,0.0968836,0.198702,0.664152,0.982087,0.126163,1
05/30/17_16:09:39,44.7011,0.0220161,0.0101559,0.0207616,0.0140274,0.0776519,0.0839429,0.00425541,1
05/30/17_16:11:36,5.40759,0.0173014,0.00985525,0.121652,0.113245,0.175145,0.174405,0.0159397,1
05/30/17_16:12:29,24.1468,0.02579,0.0219871,0.231796,0.0838641,2.43445,5.72721,2.17425,0
05/30/17_16:12:11,28.5008,0.00234962,0.00215974,0.0175363,0.0315967,0.032204,0.038833,0.737188,1
05/30/17_16:11:37,36.0605,0.0139743,0.0105092,0.072503,0.028185,0.811266,1.26385,0.00663085,0
05/30/17_16:11:23,1.50118,0.00599997,0.00660769,0.087903,0.399787,0.118983,0.170004,0.341563,1
05/30/17_16:10:05,115.809,0.00578694,0.00615148,0.00456605,0.601423,0.0738667,0.0839407,0.00785829,1
05/30/17_16:09:34,21.3002,0.00582012,0.00374791,0.0120613,0.0287577,0.0569703,0.0535611,0.0322388,1
05/30/17_16:10:03,39.9569,0.0102896,0.00874179,0.0441764,0.150918,0.79814,1.07994,0.585953,0
05/30/17_16:10:22,2.10028,0.00846987,0.00868434,0.100951,0.143851,0.0788699,0.0700352,0.145616,0
05/30/17_16:09:49,149.116,0.0043925,0.00347292,0.00484412,0.0121426,0.0344831,0.036072,0.00320682,1
05/30/17_16:11:53,3.00009,0.00183705,0.00210488,0.0206702,0.199996,0.0278804,0.0326879,0.029435,1
05/30/17_16:11:58,5.44034,0.0228899,0.0208799,0.193335,0.113341,0.472435,0.639822,11.4804,0
05/30/17_16:09:36,34.2012,0.0195224,0.0125928,0.0459771,0.021312,0.115141,0.135327,4.90194,1
05/30/17_16:09:37,63.6004,0.00506572,0.00306216,0.0245103,0.0248915,0.176749,0.212299,0.0157392,1
05/30/17_16:10:32,4.50001,0.00109496,0.000783189,0.00947862,0.0666926,0.0210867,0.019858,1.62784,1
05/30/17_16:10:04,13.9605,0.0274599,0.01906,0.146992,0.0605843,0.229136,0.519811,1.07811,0
05/30/17_16:12:19,2.40212,0.00677332,0.00878034,0.0751241,0.250174,0.101791,0.118524,0.624783,1
05/30/17_16:10:30,14.4005,0.00121266,0.000658952,0.00434204,0.0208445,0.00752065,0.00679664,0.192131,1
05/30/17_16:10:40,13.7562,0.0686584,0.0465453,0.154664,0.061191,0.296002,0.425027,0.535856,0
05/30/17_16:10:45,1.50142,0.00386583,0.00393803,0.0387747,0.399855,0.112157,0.165673,1.32207,0
05/30/17_16:11:45,1.50038,0.058412,0.0616649,0.980036,0.600045,0.386303,0.462115,0.115964,1
05/30/17_16:11:20,8.70592,0.0752921,0.0517098,0.758226,0.171931,1.03352,1.70603,0.481981,0
05/30/17_16:11:51,23.7057,0.0178609,0.0128824,0.0564126,0.0383839,0.349302,0.436639,0.143747,0
05/30/17_16:11:12,19.6161,0.0517472,0.0438957,0.501582,0.148172,1.01629,2.18677,0.0531521,0
05/30/17_16:11:53,11.113,0.0364181,0.0178386,0.121012,0.061143,0.138437,0.157198,0.165261,0
05/30/17_16:11:09,3.60002,0.00032787,0.000396081,0.00498978,0.0833396,0.0186395,0.0167895,0.0954448,0
05/30/17_16:11:26,3.30081,0.00886905,0.00625427,0.0713624,0.182504,0.0609168,0.058302,8.86278,1
05/30/17_16:10:05,97.8038,0.0016649,0.00172358,0.00417668,0.00628505,0.0333476,0.0335361,0.00446073,1
05/30/17_16:12:07,4.20128,0.0108527,0.0110344,0.080972,0.143379,0.0778629,0.0764948,1.15765,0
05/30/17_16:11:17,6.03341,0.0473095,0.0345327,0.282563,0.101791,0.65467,0.786795,9.86213,0
05/30/17_16:11:49,13.8041,0.0416618,0.0318204,0.13757,0.0562482,1.43674,3.04267,4.33294,0
05/30/17_16:10:14,164.702,0.00610265,0.00378925,0.00295219,0.00368302,0.039418,0.0384549,0.00417307,1
05/30/17_16:12:13,41.1,0.00526139,0.00251944,0.0086458,0.0146587,0.0220795,0.0235422,0.00302477,1
05/30/17_16:09:37,29.4018,0.00996756,0.00683068,0.0121421,0.0205668,0.0437207,0.0458348,0.0109843,1
05/30/17_16:09:40,9.90051,0.00447701,0.00256215,0.0136455,0.0607309,0.02639,0.0248828,0.0972883,1
05/30/17_16:09:50,2.70099,0.00426591,0.00498331,0.0640551,0.222143,0.0972552,0.0948507,0.432304,1
05/30/17_16:11:30,3.04086,0.0628961,0.0442056,0.471333,0.218989,0.344244,0.422227,0.0246197,1
05/30/17_16:10:40,6.00449,0.0212945,0.0135601,0.209764,0.150772,0.333232,0.407512,3.90585,0
05/30/17_16:11:57,40.0528,0.0308187,0.0238222,0.0932453,0.0257798,1.62688,3.35305,0.0078833,0
05/30/17_16:12:00,7.20044,0.00199459,0.00207058,0.0212481,0.0418426,0.0625542,0.0625936,0.0144376,1
05/30/17_16:11:07,39.6,0.0089729,0.00617744,0.0720448,0.0302549,0.887858,1.40862,0.0161743,0
05/30/17_16:09:42,125.405,0.0088718,0.00580276,0.00280869,0.007372,0.0218953,0.0212575,0.0107763,1
05/30/17_16:12:05,17.4145,0.0106989,0.00580305,0.0706025,0.0345252,2.07367,4.0504,1.19172,0
05/30/17_16:09:57,15.0015,0.0327862,0.0193441,0.065226,0.0438426,0.0842098,0.0907481,2.85005,0
05/30/17_16:10:41,6.35833,0.033366,0.0196741,0.229666,0.150819,1.04659,1.39435,6.64614,0
05/30/17_16:10:51,16.2026,0.0291276,0.0241914,0.128828,0.0575214,0.371529,0.522886,2.92402,0
05/30/17_16:11:40,29.0283,0.0169043,0.0142942,0.0972806,0.0213055,2.02197,3.74583,0.201574,1
05/30/17_16:11:05,15.9009,0.0595406,0.0391339,0.113003,0.0443127,0.570809,0.95999,3.29027,0
05/30/17_16:10:12,20.4148,0.0282601,0.020839,0.122576,0.0281505,1.01648,1.77948,0.838839,0
05/30/17_16:11:27,35.7009,0.0219371,0.0186251,0.112314,0.0252353,1.81842,3.33629,0.00794374,0
05/30/17_16:10:46,3.44942,0.0726457,0.0789372,0.695313,0.527759,0.279723,0.523566,15.5821,0
05/30/17_16:11:06,18.3008,0.00455383,0.00252503,0.0125238,0.0328525,0.0201977,0.0193778,0.056753,1
05/30/17_16:11:24,6.60268,0.0613151,0.0391431,0.0556335,0.42156,0.0683868,0.0298228,3.25514,0
05/30/17_16:09:49,358.8,0.00271658,0.00210304,0.00167128,0.00656904,0.0324309,0.0306245,0.000420437,1
05/30/17_16:11:43,3.3186,0.111232,0.0709406,0.872142,0.268486,0.788743,0.70674,13.9601,0
05/30/17_16:12:04,3.31378,0.0483482,0.0391528,0.384972,0.216216,0.615003,0.728251,0.359118,0
05/30/17_16:10:23,18.3043,0.0102006,0.00654601,0.049174,0.0492632,0.446877,0.569777,0.00896196,0
05/30/17_16:10:50,12.9,0.0350839,0.015473,0.11774,0.046548,1.95047,3.67279,2.31206,0
05/30/17_16:12:10,51.9001,0.00318316,0.00157962,0.00570073,0.011635,0.0248809,0.0255953,0.00371272,1
05/30/17_16:10:22,60.6634,0.0112878,0.0065243,0.0640089,0.0651665,1.54741,2.96414,0.143622,0
05/30/17_16:12:17,20.7001,0.00487924,0.00264005,0.0134542,0.0290062,0.0358203,0.0356898,0.0146436,1
05/30/17_16:09:45,6.30002,0.000814403,0.000461531,0.0042017,0.0952375,0.0321681,0.0291256,0.0300266,1
05/30/17_16:09:44,13.8012,0.00385424,0.00288456,0.0175161,0.0435608,0.0275958,0.0299374,0.0109852,1
05/30/17_16:11:30,9,0.0112131,0.00669671,0.031887,0.0336751,0.0280073,0.0256461,0.0067002,1
05/30/17_16:10:48,30.0073,0.00882669,0.0057891,0.0586343,0.10998,0.263574,0.331869,0.0322159,0
05/30/17_16:12:09,4.80155,0.0115337,0.00664091,0.0650002,0.125457,0.0526197,0.0664576,0.012415,1
05/30/17_16:10:26,18.6617,0.0162128,0.0105147,0.0804138,0.0391237,0.205739,0.227519,0.00820394,0
05/30/17_16:11:48,9.38927,0.0577615,0.0416074,0.587283,0.245843,1.46156,3.07294,2.11226,0
05/30/17_16:10:08,391.619,0.0101264,0.00559902,0.00156099,0.0015963,0.0334896,0.0321083,0.000537198,1
05/30/17_16:09:42,199.215,0.00945767,0.00542984,0.00246492,0.00308774,0.057248,0.0559161,0.00119354,1
05/30/17_16:10:15,23.1752,0.0197766,0.0154573,0.0847662,0.719702,0.120378,0.144329,0.515522,1
05/30/17_16:11:52,1.50062,0.0131882,0.012964,0.190627,0.400089,0.13009,0.186652,0.211531,1
05/30/17_16:10:56,3.90003,0.00354395,0.00358161,0.0789825,0.153882,0.11775,0.122067,0.177402,1
05/30/17_16:10:21,5.40003,0.00124531,0.000783135,0.0103121,0.111135,0.0322736,0.0327379,0.049394,1
05/30/17_16:11:26,15.6,0.0214579,0.0186082,0.149837,0.0478193,0.220182,0.265328,0.393898,0
05/30/17_16:12:07,15.3003,0.00316936,0.00170792,0.0230343,0.0392168,0.0379289,0.0330653,0.00779011,1
05/30/17_16:09:57,27.9083,0.00973002,0.0113612,0.107405,0.211285,0.780838,1.14508,0.292925,0
05/30/17_16:09:54,58.5019,0.00709224,0.00391458,0.00632502,0.010299,0.0554986,0.0574463,0.00345652,1
05/30/17_16:10:05,2.41067,0.011622,0.0150296,0.304663,0.251889,0.407673,0.305909,0.728686,1
05/30/17_16:12:24,73.5407,0.00585805,0.00689308,0.0735911,0.0956681,1.10437,2.45041,0.0159842,0
05/30/17_16:09:23,21.6002,0.00294752,0.00194289,0.0331449,0.0833724,0.163611,0.184073,0.0278458,1
05/30/17_16:12:39,3.55065,0.0761778,0.078743,0.800577,0.240488,0.718301,0.796519,32.3321,0
05/30/17_16:11:28,11.1033,0.00406071,0.00420226,0.0340011,0.0543069,0.0522632,0.0642351,0.00756384,1
05/30/17_16:09:58,16.5021,0.0197382,0.0114769,0.0523512,0.0570116,0.222758,0.218356,0.511658,0
05/30/17_16:11:09,137.716,0.011956,0.00615333,0.00253813,0.00438991,0.0309878,0.0287404,0.0099876,1
05/30/17_16:11:39,3.30198,0.101385,0.0954744,0.94124,0.307088,0.745734,0.888738,1.08336,0
05/30/17_16:10:08,97.8152,0.00306633,0.00268842,0.00384388,0.00627059,0.0541532,0.0520719,0.00702376,1
05/30/17_16:10:01,47.4,0.000589842,0.00047121,0.00526689,0.012748,0.0774375,0.0752765,0.137708,1
05/30/17_16:10:17,49.8736,0.0244248,0.0229948,0.0519492,0.0543592,0.0653541,0.110587,0.0168494,1
05/30/17_16:10:37,13.503,0.0219058,0.0149395,0.0926308,0.249235,0.368567,0.477561,0.759808,0
05/30/17_16:11:12,3.30117,0.0083851,0.00983344,0.0841577,0.0929707,0.0904057,0.073542,1.03776,0
05/30/17_16:10:44,52.1988,0.0353728,0.02318,0.129696,0.223026,4.21751,11.5135,0.0473594,0
05/30/17_16:11:27,1.82173,0.0158857,0.0113942,0.34858,0.331123,0.382372,0.509203,0.626284,0
05/30/17_16:10:40,8.70035,0.00449019,0.00285457,0.0358427,0.069191,0.022142,0.0235609,0.0510113,1
05/30/17_16:11:56,5.43036,0.0883872,0.0658597,0.555879,0.140572,1.00393,1.73922,3.28988,0
05/30/17_16:10:53,35.4141,0.0158142,0.0113433,0.101252,0.0552862,1.28043,2.54044,0.00390085,0
05/30/17_16:10:44,79.468,0.0141003,0.0150205,0.0540369,0.0912646,1.02031,1.95648,0.0106816,1
05/30/17_16:09:51,13.5058,0.00409248,0.00431318,0.0266635,0.0446794,0.0353222,0.0346879,0.0127758,1
05/30/17_16:10:30,31.8242,0.0303269,0.0216164,0.0779288,0.0277179,0.472211,0.608642,4.47407,0
05/30/17_16:11:54,6.96732,0.0972771,0.0784937,0.771677,0.541503,0.684277,1.89657,2.61365,0
05/30/17_16:11:57,28.8424,0.0165371,0.0121871,0.122388,0.0490603,0.998774,1.52706,0.00308701,0
05/30/17_16:09:25,94.5072,0.00863203,0.00350604,0.0126737,0.127376,0.292221,0.39214,0.000683772,1
05/30/17_16:09:48,70.8189,0.0116738,0.00842051,0.0078839,0.00854487,0.0345838,0.0339513,0.00878616,1
05/30/17_16:09:55,64.2001,0.0107255,0.00832223,0.0511271,0.0194554,0.941674,1.75995,0.0050312,1
05/30/17_16:09:35,17.7089,0.022844,0.0114218,0.117088,0.0534697,0.960678,1.34139,0.247973,0
05/30/17_16:09:56,7.20014,0.00614323,0.00365851,0.0209997,0.083339,0.0278486,0.0274212,0.0103252,1
05/30/17_16:11:01,10.5002,0.022462,0.0129498,0.055236,0.0298308,0.0547897,0.0548475,0.0116323,1
05/30/17_16:10:33,4.69125,0.108292,0.0890834,0.619853,0.187442,2.2269,4.02755,8.70952,0
05/30/17_16:09:38,23.7043,0.0126054,0.00866892,0.0235948,0.30386,0.0909967,0.0796448,0.00923978,1
05/30/17_16:10:48,11.148,0.0629508,0.0370425,0.173797,0.0702394,0.557279,0.67589,6.07003,0
05/30/17_16:11:56,7.20632,0.00570333,0.00358557,0.0409681,0.0838915,0.0531233,0.0682091,0.0196471,1
05/30/17_16:12:02,2.77023,0.0899997,0.150489,0.729186,0.39371,0.587641,0.806556,5.94666,0
05/30/17_16:10:00,6.30889,0.023806,0.0185425,0.178331,0.144648,0.289695,0.332935,4.17121,0
05/30/17_16:11:08,10.6195,0.0222897,0.0319337,0.244823,0.072291,1.75274,2.94166,0.0159803,0
05/30/17_16:10:35,8.24689,0.115066,0.0698373,0.573639,0.271252,0.704806,2.28095,0.118473,0
05/30/17_16:10:55,7.5,0.00414702,0.00204153,0.0126078,0.0800642,0.0171136,0.0165088,0.109736,1
05/30/17_16:11:45,7.20081,0.00453647,0.00271452,0.0400694,0.125177,0.0715574,0.059531,0.20255,1
05/30/17_16:11:10,2.40011,0.000702796,0.00065671,0.0130261,0.12502,0.0469321,0.0401635,1.35255,1
05/30/17_16:11:50,30.0088,0.00622647,0.00571644,0.0249231,0.0203316,0.0663547,0.0668069,0.028404,1
05/30/17_16:12:12,3.71794,0.0795929,0.0597016,0.884237,0.284301,0.763471,1.32421,7.07888,0
05/30/17_16:12:58,54.6026,0.0023332,0.00128689,0.00606184,0.0110118,0.0207061,0.0194534,0.039166,1
05/30/17_16:09:50,23.7,0.00071828,0.000479161,0.00305268,0.0253275,0.0140236,0.0133427,0.0278782,1
05/30/17_16:09:39,11.8439,0.0855885,0.0569566,0.261239,0.0952832,0.183829,0.525404,0.031362,1
05/30/17_16:09:38,2.10047,0.00538528,0.0047729,0.0648301,0.285688,0.0544616,0.0800738,0.175087,1
05/30/17_16:09:48,53.7007,0.00482594,0.00234685,0.00400485,0.0111916,0.0371346,0.0351471,0.00279837,1
05/30/17_16:11:11,5.1003,0.00554061,0.00379827,0.0315687,0.176672,0.0134806,0.0119912,0.278238,0
05/30/17_16:10:42,16.8837,0.0724381,0.0485658,0.267639,0.147582,3.25256,7.53677,3.65508,0
05/30/17_16:09:44,3.90018,0.00370989,0.00333388,0.0374213,0.0772137,0.0350421,0.0344892,0.0139944,1
05/30/17_16:11:58,60.0046,0.0020916,0.00175519,0.0166485,0.0100027,0.290116,0.461584,0.000982024,1
05/30/17_16:09:31,56.4,0.00302292,0.00155881,0.0032473,0.0106711,0.0191046,0.0189992,0.019071,1
05/30/17_16:12:11,31.5002,0.00474859,0.00350527,0.0143545,0.0190964,0.0391524,0.0383685,0.041025,1
05/30/17_16:11:30,5.70105,0.0130621,0.00991932,0.0584708,0.105404,0.0433265,0.0454676,0.168489,1
05/30/17_16:09:51,4.20243,0.0111846,0.00771253,0.0807371,0.143388,0.0744027,0.0727044,0.593109,1
05/30/17_16:11:36,12,0.00530194,0.0044723,0.0933463,0.0507412,0.390532,0.533536,3.15836,0
05/30/17_16:10:20,27.129,0.0376052,0.0233694,0.157653,0.15162,2.51096,5.23268,0.654755,0
05/30/17_16:10:27,58.5082,0.00516474,0.00307058,0.00459077,0.0103028,0.0411494,0.0383716,0.0094534,1
05/30/17_16:10:42,31.5042,0.00812327,0.00507633,0.0323877,0.0289906,0.282673,0.324779,0.0236978,1
05/30/17_16:10:37,19.8004,0.00386706,0.00306499,0.0303487,0.030312,0.0850056,0.0838359,0.0122025,0
05/30/17_16:10:14,11.7028,0.00402508,0.00257749,0.0193489,0.0514053,0.0640104,0.0639787,0.129684,0
05/30/17_16:11:23,57.3604,0.00567192,0.00728988,0.0777339,0.0334852,0.477984,0.725661,0.00176129,0
05/30/17_16:12:22,3.60373,0.00737997,0.00447826,0.121061,0.249804,0.408639,0.346728,0.0847888,0
05/30/17_16:12:54,22.2004,0.00189355,0.00155949,0.00398806,0.0270318,0.0212464,0.0189335,0.0893904,1
05/30/17_16:10:24,4.50069,0.00399147,0.00272797,0.0233793,0.200174,0.0130062,0.00797755,0.184054,1
05/30/17_16:09:19,480.904,0.00644999,0.00372321,0.00118045,0.00169055,0.0340415,0.0327,0.000594362,1
05/30/17_16:10:57,36.901,0.00318885,0.00240037,0.014318,0.211721,0.135487,0.155313,0.0423605,1
05/30/17_16:12:53,2.40018,0.00267568,0.0017266,0.0265027,0.250014,0.0330092,0.045874,0.394687,1
05/30/17_16:10:16,26.7259,0.017387,0.0109391,0.0228655,0.0234302,0.0482258,0.0502352,0.047505,1
05/30/17_16:10:57,27.5155,0.0250082,0.0234572,0.232571,0.0506219,0.399859,0.691161,0.0285819,0
05/30/17_16:11:45,11.4078,0.0108993,0.0107154,0.155646,0.0661698,0.950473,1.39343,0.647342,0
05/30/17_16:09:23,2.10264,0.0134642,0.0168511,0.165657,0.285401,0.124781,0.103102,0.543194,1
05/30/17_16:10:53,12.3127,0.0558286,0.0335709,0.189045,0.0570832,1.40359,2.12297,0.461376,0
05/30/17_16:11:16,3.00322,0.00665295,0.00404762,0.0958939,0.201083,0.0742045,0.0621631,0.606122,0
05/30/17_16:10:40,5.40002,0.00724612,0.00616879,0.0655441,0.111894,0.137079,0.164649,0.0118987,1
05/30/17_16:09:48,3.91549,0.034363,0.022418,0.181042,0.162588,0.193274,0.192004,0.121253,1
05/30/17_16:10:31,94.8042,0.00936599,0.00512184,0.0138221,0.0224277,0.21058,0.254007,0.0439849,1
05/30/17_16:11:56,125.589,0.0060485,0.00616072,0.0488501,0.0671127,1.56527,3.33667,0.00687284,0
05/30/17_16:09:45,15.9035,0.00353806,0.0026014,0.0229361,0.0381363,0.0185726,0.0200307,5.13908,1
05/30/17_16:10:03,157.203,0.00485623,0.00248536,0.00104769,0.00382009,0.0207033,0.0198804,0.00094544,1
05/30/17_16:10:18,2.10026,0.00635922,0.00651504,0.0683503,0.143306,0.0590627,0.0563612,2.7349,1
05/30/17_16:09:43,33.9178,0.0136206,0.00842468,0.0134528,0.0179449,0.0433031,0.0434048,0.00828729,1
05/30/17_16:09:19,97.8157,0.00850588,0.00472139,0.00453632,0.0280847,0.0227583,0.0250431,0.00786957,1
05/30/17_16:10:33,3.90703,0.0165714,0.0127919,0.138738,0.154253,0.943951,0.989413,3.84505,0
05/30/17_16:10:06,50.5871,0.0685181,0.0420595,0.0479831,0.126318,0.096603,0.149727,0.0364354,1
05/30/17_16:10:34,94.8151,0.00483452,0.00325077,0.00401169,0.00640412,0.0244085,0.022305,0.00918337,1
05/30/17_16:10:36,3.90335,0.00538294,0.00396913,0.0540902,0.153716,0.0695407,0.0905275,0.0224925,1
05/30/17_16:10:02,6.30292,0.0206451,0.0147263,0.114707,0.14548,0.18497,0.255564,11.7375,0
05/30/17_16:10:17,95.7587,0.0118388,0.00653468,0.0159199,0.108498,0.179894,0.209915,0.222392,1
05/30/17_16:10:29,2.40112,0.00289157,0.0031427,0.0436211,0.125172,0.0881719,0.0832535,0.4728,1
05/30/17_16:13:02,19.5318,0.0187769,0.023774,0.400304,0.21416,0.9095,1.44254,2.09498,0
05/30/17_16:11:10,107.414,0.0082078,0.0079141,0.0509393,0.104734,2.07972,4.1881,0.000198605,0
05/30/17_16:12:01,29.4004,0.0038395,0.00315733,0.0473792,0.0612733,0.245089,0.284952,0.0213749,1
05/30/17_16:10:18,2.99997,0.0252875,0.0133005,0.160678,0.203027,0.135502,0.114573,0.110495,0
05/30/17_16:10:52,14.4004,0.00461706,0.00359347,0.0309955,0.0417152,0.0904412,0.0977535,0.215447,0
05/30/17_16:09:54,36.9002,0.00797244,0.00681326,0.0350722,0.0984662,0.128442,0.156577,0.0271978,1
05/30/17_16:11:23,37.5008,0.00428044,0.00321914,0.00725959,0.00809162,0.034294,0.0314851,0.00323824,1
05/30/17_16:09:56,13.516,0.0103258,0.00739193,0.0970653,0.045546,0.199346,0.174583,10.3533,0
05/30/17_16:09:45,57.6,0.0016443,0.00101371,0.0039732,0.00527057,0.0532948,0.0508927,0.00335725,1
05/30/17_16:09:49,187.848,0.0115917,0.00722493,0.0017973,0.0175107,0.0194702,0.0185877,0.15486,1
05/30/17_16:11:23,59.2412,0.0128126,0.00978334,0.0892527,0.0234232,1.73158,3.11046,0.26863,0
05/30/17_16:11:15,90.9474,0.00914458,0.0104461,0.209884,0.204384,1.9749,4.27626,0.00537332,0
05/30/17_16:12:28,15.9011,0.00362863,0.00254048,0.0103906,0.0378606,0.0236691,0.023118,0.00661442,1
05/30/17_16:12:22,60.0027,0.00714627,0.0125117,0.0822802,0.0875039,1.55956,2.85866,0.00265194,0
05/30/17_16:11:51,6.27901,0.0591493,0.0691978,0.788328,0.245027,2.4927,6.23972,4.52504,0
05/30/17_16:11:49,24.0045,0.0202429,0.0182626,0.206112,0.206066,1.50694,2.24479,0.592171,0
05/30/17_16:10:15,511.202,0.000731125,0.000741425,0.00064777,0.00293638,0.0367236,0.0361674,0.00242263,1
05/30/17_16:10:28,20.4001,0.00207142,0.00114932,0.00360733,0.0294455,0.031511,0.0277889,0.15341,1
05/30/17_16:11:47,9.60418,0.00629195,0.00368756,0.0540474,0.0627903,0.0881647,0.0946099,0.0193702,1
05/30/17_16:09:44,20.7006,0.00509859,0.00114824,0.0150896,0.304419,0.0660316,0.0374293,0.051139,1
05/30/17_16:11:29,58.0469,0.026364,0.0261652,0.203985,0.223369,3.00209,6.72434,0.00275151,0
05/30/17_16:11:39,21.0014,0.00220203,0.00185285,0.0569124,0.0429073,0.182081,0.153731,0.00938868,1
05/30/17_16:10:16,7.80136,0.0322155,0.0158448,0.0986426,0.0777387,0.112176,0.106613,0.012181,0
05/30/17_16:10:05,5.39049,0.0834023,0.0715784,0.782968,0.18377,0.660212,1.05301,9.93705,0
05/30/17_16:11:46,2.40422,0.00456298,0.00253999,0.0610317,0.249696,0.167864,0.166592,0.108323,1
05/30/17_16:11:28,83.1008,0.00779635,0.010885,0.0467819,0.0921183,3.99697,10.8534,0.026245,0
05/30/17_16:09:55,165.302,0.00894659,0.0046467,0.00261635,0.011477,0.0310333,0.0329824,0.0973841,1
05/30/17_16:12:03,3.90565,0.034471,0.0195335,0.521408,0.250682,0.425149,0.657091,2.91511,0
05/30/17_16:10:30,16.8883,0.0304029,0.0215486,0.155357,0.0336464,1.66004,3.06846,5.87689,1
05/30/17_16:10:52,2.16457,0.0336082,0.042666,0.578407,0.280587,0.703002,0.778829,1.86487,0
05/30/17_16:09:51,122.4,0.00203954,0.00166151,0.00908216,0.0141145,0.151177,0.148335,0.0029835,1
05/30/17_16:09:58,100.203,0.0157014,0.00917415,0.0139215,0.147321,0.115912,0.125649,0.0329599,1
05/30/17_16:09:38,70.2,0.00905479,0.00622556,0.0491333,0.0173122,0.195631,0.222276,0.0105878,1
05/30/17_16:11:02,3.60051,0.0275568,0.0304074,0.391234,0.252386,0.30253,0.305716,11.5931,0
05/30/17_16:10:03,19.5001,0.00274715,0.00174666,0.00814004,0.030775,0.067346,0.0656849,0.038435,1
05/30/17_16:11:54,1.50218,0.0299563,0.0314335,0.397979,0.402442,0.234723,0.316834,0.39346,0
05/30/17_16:10:58,7.20005,0.0118757,0.00707607,0.0348919,0.0839315,0.0260134,0.0267584,0.0369414,1
05/30/17_16:11:15,66.0145,0.0110162,0.00773453,0.0708711,0.0552691,0.709665,1.47792,0.00148036,0
05/30/17_16:11:53,85.8233,0.0138441,0.00874122,0.00439159,0.0071917,0.0155629,0.0146442,0.01059,1
05/30/17_16:12:03,6.60423,0.00625769,0.00435061,0.0433687,0.0912099,0.0626838,0.076724,0.0206596,1
05/30/17_16:11:21,6.33733,0.0328331,0.0266546,0.209052,0.0983749,0.168717,0.2,27.1834,0
05/30/17_16:11:54,8.70007,0.00518562,0.00333337,0.0156982,0.0346175,0.0254814,0.0225002,0.033014,1
05/30/17_16:10:19,8.28265,0.0205418,0.0195714,0.300274,0.0859189,2.53542,4.69391,1.37852,0
05/30/17_16:11:02,13.8003,0.0151201,0.00790518,0.0633023,0.067021,0.0970664,0.100315,0.373256,0
05/30/17_16:10:45,36.6001,0.00540088,0.00510561,0.027291,0.0163935,0.651932,1.30794,0.0474356,0
05/30/17_16:12:07,22.2031,0.00479307,0.00315331,0.0212906,0.311238,0.0730931,0.0725492,2.35923,1
05/30/17_16:11:57,12.6163,0.0223047,0.0143062,0.0890009,0.225263,0.318254,0.387403,0.318528,0
05/30/17_16:09:52,244.201,0.00219761,0.00108412,0.00119967,0.00245899,0.0371283,0.0342766,0.0846064,1
05/30/17_16:10:00,6.60202,0.0293128,0.01707,0.0460115,0.220525,0.0698718,0.0657605,6.9304,0
05/30/17_16:10:07,50.705,0.00348393,0.00214677,0.00564759,0.011846,0.0181689,0.0183946,0.00309718,1
05/30/17_16:11:15,24.6001,0.00105215,0.000599927,0.00319625,0.0244032,0.010452,0.00983646,0.0232231,1
05/30/17_16:11:56,11.2251,0.0484649,0.0206544,0.146353,0.0969817,0.197629,0.265648,3.91506,0
05/30/17_16:13:04,13.2005,0.0130578,0.00850365,0.0690108,0.21272,0.433029,0.629715,0.0778493,0
05/30/17_16:11:57,5.58115,0.0606555,0.0271217,0.461955,0.0969648,2.73076,5.5789,1.12525,0
05/30/17_16:12:13,14.4013,0.0232831,0.012515,0.117722,0.0676093,0.501731,0.703472,0.0177623,0
05/30/17_16:09:32,121.08,0.00756137,0.00588328,0.0847516,0.0561106,3.40807,9.51326,0.00619945,0
05/30/17_16:12:24,15.3099,0.0091475,0.00720659,0.0837992,0.216285,0.243665,0.250256,0.117723,0
05/30/17_16:11:26,20.1061,0.00982918,0.00546554,0.0449507,0.0452022,0.104422,0.097453,0.0225487,1
05/30/17_16:10:13,5.45647,0.0383228,0.0295122,0.26877,0.120938,0.63339,0.777805,5.77576,0
05/30/17_16:10:29,2.10014,0.003562,0.00333013,0.0499399,0.143014,0.0549174,0.0509692,0.187586,1
05/30/17_16:10:42,36.3002,0.00136557,0.000711992,0.00725656,0.016543,0.0509334,0.0496163,0.00688134,1
05/30/17_16:10:22,8.88485,0.0642809,0.0290815,0.381654,0.117924,0.358747,0.843294,0.119477,0
05/30/17_16:10:17,4.50114,0.00736685,0.00425205,0.0532628,0.133832,0.158209,0.168571,4.72437,0
05/30/17_16:10:48,6.00512,0.0299197,0.0185775,0.115054,0.10227,0.0868046,0.115421,0.57173,1
05/30/17_16:11:24,18.7086,0.158776,0.0993641,0.602868,0.160832,0.103826,0.382966,3.61357,1
05/30/17_16:10:59,4.80328,0.00834782,0.00549452,0.0588149,0.12522,0.0867055,0.10951,0.0393281,1
05/30/17_16:12:02,17.4024,0.00743727,0.00578282,0.0253077,0.0345472,0.0233756,0.0239018,0.0397487,1
05/30/17_16:10:37,3.31328,0.0601862,0.0388635,0.465719,0.211984,0.549542,1.08817,0.21221,0
05/30/17_16:10:16,10.8041,0.0239069,0.0201042,0.301911,0.111071,0.528467,0.700103,4.09702,0
05/30/17_16:11:55,29.102,0.0228068,0.0128738,0.0620151,0.020879,0.588709,0.869986,1.07611,0
05/30/17_16:10:06,251.109,0.0133765,0.00696589,0.00256019,0.0024375,0.0403545,0.0386646,0.000480893,1
05/30/17_16:11:13,16.5004,0.0192407,0.015507,0.0903829,0.0757854,0.612343,0.747863,2.58566,0
05/30/17_16:11:59,3.90031,0.0172598,0.0106296,0.111753,0.0792469,0.0785243,0.0868547,0.0547161,1
05/30/17_16:11:00,3.93032,0.0735915,0.0841093,0.465363,0.480452,1.50805,2.49732,21.1599,0
05/30/17_16:10:33,41.1015,0.00178374,0.00139574,0.00551175,0.0147305,0.0494663,0.0493299,0.0319867,1
05/30/17_16:11:46,15.0064,0.0206574,0.0170005,0.0904491,0.0602496,0.181029,0.233714,0.0181405,0
05/30/17_16:11:09,18.2068,0.0534399,0.0425758,0.310435,0.127225,1.1225,2.27273,0.251156,0
05/30/17_16:11:56,13.0182,0.0289948,0.0176945,0.0705929,0.0818074,0.132489,0.127463,1.48553,0
05/30/17_16:10:43,7.50732,0.00787195,0.00851378,0.0729627,0.0817363,0.16601,0.17461,0.10111,0
05/30/17_16:10:41,36.0012,0.0184155,0.00923087,0.0140774,0.0170416,0.0382149,0.0402283,0.0319007,1
05/30/17_16:11:22,23.7026,0.00880728,0.00679918,0.0774696,0.0253857,0.450859,0.724148,0.0063302,1
05/30/17_16:09:21,7.50185,0.00257386,0.00330802,0.04185,0.120053,0.0324508,0.0345825,0.0215445,1
05/30/17_16:11:43,5.75817,0.0418435,0.0370799,0.319361,0.113721,0.178848,0.242138,11.967,0
05/30/17_16:10:21,1.8,0.00253774,0.00314759,0.0356281,0.166795,0.0228454,0.0153663,1.43177,0
05/30/17_16:11:42,4.20147,0.00385358,0.00278551,0.0374703,0.0716014,0.0533839,0.0485393,0.0339813,1
05/30/17_16:12:04,13.5,0.0054939,0.00276291,0.00914699,0.0444829,0.0161682,0.0145971,0.0457117,1
05/30/17_16:11:16,68.4027,0.0151987,0.0130685,0.0568752,0.126704,2.61193,5.70393,0.00357439,0
05/30/17_16:09:17,52.8006,0.00113068,0.000718525,0.0047924,0.0114195,0.107388,0.09922,0.010776,1
05/30/17_16:10:05,85.2019,0.00129362,0.0011264,0.0100045,0.00736906,0.0640488,0.067086,0.00408203,1
05/30/17_16:12:00,12.3003,0.01457,0.00741689,0.0404807,0.074016,0.196143,0.207658,11.9821,0
05/30/17_16:11:56,109.913,0.0133527,0.0143688,0.13387,0.102572,6.11019,20.133,0.0696027,0
05/30/17_16:11:13,21.6109,0.018357,0.0130582,0.0301652,0.0300412,0.0276388,0.0306056,0.0182392,1
05/30/17_16:11:33,48.6011,0.00287453,0.00232294,0.01044,0.0187419,0.234238,0.27511,0.0152937,1
05/30/17_16:11:50,6.01346,0.0435716,0.0287137,0.231249,0.115704,0.83921,1.01895,1.4139,1
05/30/17_16:11:22,10.3244,0.0506709,0.0387718,0.309123,0.0581438,1.35791,3.02712,8.20464,0
05/30/17_16:09:38,294.3,0.00239982,0.00137523,0.00130902,0.0021889,0.0403485,0.0390504,0.00195642,1
05/30/17_16:11:47,10.5035,0.00817171,0.00464444,0.0354108,0.0575384,0.0945462,0.0978017,0.0346007,0
05/30/17_16:09:40,2.7025,0.0241915,0.0126947,0.18994,0.226241,0.164652,0.183558,0.0442593,1
05/30/17_16:09:57,175.856,0.00254454,0.00428692,0.00840908,0.00855066,0.119859,0.136388,0.00113487,1
05/30/17_16:11:43,3.90027,0.0204538,0.010554,0.129155,0.230758,0.22363,0.227805,18.7169,0
05/30/17_16:11:42,42.3006,0.00132838,0.000969678,0.00439981,0.0141891,0.027223,0.025229,0.00197381,1
05/30/17_16:11:51,13.87,0.0118528,0.0100213,0.101453,0.0591465,0.899312,1.41447,1.59858,0
05/30/17_16:10:08,173.4,0.00731496,0.00517023,0.00269768,0.00355782,0.0449292,0.0450562,0.00200433,1
05/30/17_16:12:20,3.00241,0.00856055,0.00614625,0.0888074,0.200831,0.0768592,0.135756,0.427476,1
05/30/17_16:10:37,22.5003,0.00371178,0.00186156,0.0165871,0.0267181,0.16317,0.227775,0.00347592,0
05/30/17_16:10:48,6.30012,0.00527887,0.00285612,0.0200228,0.0953189,0.0172847,0.0232462,0.013609,1
05/30/17_16:09:56,13.8,0.00687234,0.00564906,0.0814626,0.0663788,0.333823,0.388015,2.76403,0
05/30/17_16:09:54,182.451,0.0067629,0.00662363,0.00249058,0.00336994,0.0397611,0.04161,0.0046449,1
05/30/17_16:10:08,102.301,0.00128045,0.000852564,0.00377876,0.00588077,0.045744,0.0469071,0.00129537,1
05/30/17_16:11:31,24.1343,0.0292205,0.0151793,0.139861,0.0261248,1.87539,4.33067,0.0188565,1
05/30/17_16:09:24,14.4091,0.00953825,0.00659548,0.135219,0.063337,0.0505654,0.0405453,0.175254,1
05/30/17_16:10:05,4.50483,0.0245559,0.0243896,0.238242,0.0792194,0.971603,1.2416,5.18585,0
05/30/17_16:12:03,7.51732,0.0559649,0.0400906,0.28288,0.0726191,1.62222,3.0546,0.0953966,0
05/30/17_16:10:11,13.502,0.0125918,0.00686827,0.0258875,0.0226634,0.0255572,0.0249863,0.107871,1
05/30/17_16:10:37,109.8,0.00520474,0.00301374,0.0023068,0.00548385,0.0361971,0.0343601,0.00381398,1
05/30/17_16:12:49,15.3006,0.00231718,0.00193975,0.00675326,0.0196437,0.0200084,0.0195385,0.027735,1
05/30/17_16:11:07,12.0006,0.00366981,0.00243532,0.0224413,0.0504043,0.0743989,0.0744811,6.19293,0
05/30/17_16:09:55,3.60128,0.00322854,0.00401408,0.0353233,0.0836244,0.0575103,0.0624006,0.0397873,1
05/30/17_16:10:16,16.5013,0.00456205,0.00315066,0.017683,0.0186244,0.0243168,0.0195952,0.00959609,1
05/30/17_16:10:13,3.60384,0.00541042,0.00422409,0.0643558,0.166776,0.0872121,0.124508,41.5082,1
05/30/17_16:11:38,40.5032,0.00287517,0.00269563,0.00550191,0.0149293,0.0235369,0.0266122,0.0066781,1
05/30/17_16:10:51,47.4005,0.00855001,0.00798691,0.0380506,0.0822653,0.902668,1.45529,0.123869,0
05/30/17_16:11:40,14.5549,0.0273961,0.0150621,0.123914,0.0469617,0.32495,0.400683,0.0393386,0
05/30/17_16:11:48,7.54815,0.0674171,0.0416798,0.286209,0.0931535,0.387767,0.44431,1.59889,0
05/30/17_16:12:07,6.01014,0.0796038,0.0403902,0.323917,0.0694951,1.87009,3.04489,2.61583,0
05/30/17_16:12:02,3.93748,0.0246428,0.0226386,0.325853,0.161534,0.37066,0.380349,12.9918,0
05/30/17_16:10:01,140.731,0.00488899,0.00262061,0.00434062,0.00429098,0.039138,0.0379656,0.00105293,1
05/30/17_16:09:47,92.4064,0.00700281,0.00412608,0.00263455,0.00651887,0.0346648,0.0324974,0.00737511,1
05/30/17_16:09:37,3.60015,0.032641,0.0227072,0.211568,0.174136,0.547258,0.501045,0.161187,1
05/30/17_16:11:21,13.4685,0.0196882,0.0265647,0.239403,0.11823,1.24212,1.77428,0.111967,0
05/30/17_16:10:04,6.30269,0.0121177,0.00730043,0.0662198,0.0954348,0.0821719,0.0783304,35.0241,0
05/30/17_16:09:27,55.8502,0.0135769,0.00868426,0.0632549,0.0162382,0.793308,1.7512,0.00194989,1
05/30/17_16:10:59,2.10244,0.034708,0.0350528,0.358595,0.287375,0.239401,0.235981,1.93033,0
05/30/17_16:11:09,8.41159,0.0235552,0.0122887,0.291745,0.112923,0.622098,0.833903,8.71223,0
05/30/17_16:11:18,26.1004,0.0387356,0.0276925,0.360202,0.133208,2.97127,6.75821,1.01337,0
05/30/17_16:11:40,4.80338,0.0693744,0.063785,0.519991,0.250381,0.761026,1.16865,10.4777,0
05/30/17_16:11:54,18.0004,0.0192492,0.00948494,0.0498261,0.0505835,0.140147,0.148142,0.540269,0
05/30/17_16:10:50,2.10103,0.0105163,0.00945463,0.134795,0.143852,0.112561,0.0834692,0.277512,1
05/30/17_16:11:32,8.11952,0.0772337,0.100528,1.01925,0.23777,1.57605,2.83738,0.221363,0
05/30/17_16:10:42,36.9004,0.0285763,0.027732,0.220292,0.133124,2.89774,6.72785,0.0651839,0
05/30/17_16:11:30,2.70019,0.0144361,0.0192269,0.33102,0.129911,2.55943,4.06742,20.912,0
05/30/17_16:12:03,9.62803,0.0221365,0.0114519,0.0700739,0.0632792,0.0955533,0.105034,1.82944,0
05/30/17_16:12:03,7.20262,0.00459624,0.00341792,0.063342,0.0836497,0.0351519,0.0330495,0.0229183,1
05/30/17_16:12:02,20.1403,0.0263617,0.0144033,0.0460349,0.0310542,0.106131,0.127828,3.86419,0
05/30/17_16:11:56,35.7012,0.00145849,0.00176736,0.010008,0.0169277,0.038097,0.0361009,0.0154415,0
05/30/17_16:09:16,178.51,0.00385538,0.00304681,0.00302156,0.00348078,0.0398726,0.039377,0.000439498,1
05/30/17_16:11:19,34.9443,0.0236197,0.0270171,0.112189,0.0618178,2.30738,4.17443,0.0218351,0
05/30/17_16:11:23,10.8896,0.0380943,0.0238702,0.181928,0.0854246,0.377465,0.452307,0.727538,0
05/30/17_16:11:25,5.71697,0.0897289,0.0520188,0.352316,0.14721,1.14334,1.95113,5.58397,0
05/30/17_16:12:59,45.3088,0.012539,0.00897652,0.074194,0.0765437,1.52614,3.31593,0.000479565,0
05/30/17_16:10:39,3.61137,0.0386415,0.02622,0.294517,0.172723,0.289542,0.335895,31.3847,0
05/30/17_16:12:00,4.20132,0.00643388,0.00358835,0.0828836,0.0724139,0.122368,0.111278,0.370612,1
05/30/17_16:09:51,6.00018,0.00152112,0.00134796,0.0123779,0.100076,0.0521917,0.0516303,0.104564,1
05/30/17_16:10:13,101.701,0.00708526,0.00447858,0.00627011,0.00904918,0.0639268,0.0725002,0.00689721,1
05/30/17_16:12:02,9.00061,0.0221366,0.0123981,0.0720805,0.0696431,0.081757,0.0998781,0.0369521,0
05/30/17_16:12:02,36.6098,0.0098714,0.00760599,0.0346019,0.0167357,0.0802811,0.0851449,0.00409866,1
05/30/17_16:10:08,11.1052,0.00400221,0.00434608,0.0348237,0.0540296,0.036572,0.0347775,0.0276795,1
05/30/17_16:11:21,8.1013,0.00375044,0.00192651,0.0204207,0.0745348,0.0709109,0.0729877,5.72112,0
05/30/17_16:10:05,19.8,0.00385807,0.00277495,0.0130917,0.0306012,0.06908,0.0714203,0.00794339,1
05/30/17_16:11:36,10.7245,0.0234972,0.0196627,0.223255,0.19898,0.658366,1.05349,0.0162292,0
05/30/17_16:10:47,62.7005,0.0130877,0.00888063,0.00836057,0.00985206,0.0335311,0.0317584,0.0200361,1
05/30/17_16:10:08,9.6078,0.0118148,0.0122648,0.102222,0.062734,0.169891,0.18709,0.2989,1
05/30/17_16:09:55,159.905,0.0095307,0.00480445,0.00506774,0.00386833,0.0363325,0.0360401,0.000969962,1
05/30/17_16:11:11,8.48886,0.0362146,0.0317244,0.214038,0.122031,0.456759,0.761608,3.05688,0
05/30/17_16:11:50,5.41049,0.00842592,0.00866308,0.0869492,0.111654,0.0960848,0.0966725,0.0145614,1
05/30/17_16:10:09,1.8039,0.002543,0.00204893,0.0497393,0.167458,0.214957,0.228767,0.38192,1
05/30/17_16:10:20,3.60393,0.0430828,0.0283493,0.285108,0.17504,0.210219,0.182377,0.213748,0
05/30/17_16:11:31,5.10218,0.0054848,0.00828028,0.0829945,0.117924,0.0447101,0.0360195,0.345021,1
05/30/17_16:11:38,8.41854,0.012241,0.00959515,0.0647881,0.072741,0.281411,0.349353,3.58912,0
05/30/17_16:11:55,5.40512,0.0158836,0.00738177,0.0964312,0.11224,0.867356,1.23727,3.90905,0
05/30/17_16:10:01,43.8011,0.00341231,0.00305605,0.0163548,0.0140062,0.0639886,0.0678415,0.00180976,1
05/30/17_16:11:05,18.6545,0.0303214,0.0250379,0.118221,0.123845,0.269022,0.276573,0.77734,0
05/30/17_16:12:22,41.7024,0.00608526,0.00433482,0.00704878,0.0144004,0.0646338,0.0717492,0.392665,1
05/30/17_16:09:19,45,0.00122237,0.000842311,0.0123162,0.013546,0.0980197,0.0877019,0.0121522,1
05/30/17_16:10:11,42.9463,0.00619162,0.00421001,0.0235886,0.0265134,0.0611892,0.0647906,0.0196787,1
05/30/17_16:10:20,26.4061,0.0226226,0.0121275,0.0959722,0.104608,1.0478,1.71607,0.0478459,0
05/30/17_16:09:56,98.7078,0.00566036,0.0038257,0.0354344,0.00696127,1.93251,3.60896,0.000401649,1
05/30/17_16:12:00,13.5009,0.00727778,0.00499015,0.0184814,0.0447949,0.0254745,0.0244036,0.0449645,1
05/30/17_16:10:44,20.4124,0.0223035,0.013043,0.108147,0.178281,0.115725,0.201176,0.632438,1
05/30/17_16:11:43,7.85292,0.0215217,0.00965267,0.172546,0.0849758,0.223842,0.344334,2.68058,0
05/30/17_16:11:15,8.71017,0.00981634,0.00486654,0.0475988,0.0688919,0.113153,0.112674,0.322436,0
05/30/17_16:10:19,31.2123,0.0110793,0.00809323,0.0178978,0.0868607,0.125177,0.141687,0.00549613,1
05/30/17_16:11:56,3.3002,0.00569222,0.00382922,0.0449393,0.272715,0.0253344,0.0254965,0.0364766,1
05/30/17_16:11:23,24.638,0.0254549,0.025665,0.166901,0.183343,1.10983,2.04354,0.0936856,0
05/30/17_16:10:17,19.8021,0.00700895,0.00375158,0.0187893,0.0304089,0.0165389,0.0176305,0.048861,1
05/30/17_16:10:51,14.3094,0.0296157,0.0200276,0.219281,0.0703644,2.94909,5.20168,2.55412,0
05/30/17_16:10:40,10.5023,0.00729861,0.00639331,0.0794867,0.0578914,0.0536596,0.0520308,0.237081,1
05/30/17_16:11:43,19.2002,0.010205,0.00508097,0.0586131,0.0472531,0.190487,0.21284,0.233747,0
05/30/17_16:10:50,33.3008,0.0116223,0.00960337,0.198364,0.110367,1.45392,2.75668,0.206646,0
05/30/17_16:11:49,15.0006,0.00152738,0.00111569,0.0144592,0.120913,0.0137811,0.0154619,0.0685231,1
05/30/17_16:11:04,12.9246,0.0602268,0.0355831,0.273184,0.177434,0.582981,0.702253,0.102533,0
05/30/17_16:11:59,17.1029,0.0781949,0.0530456,0.570954,0.0909101,1.91918,4.99488,0.335469,0
05/30/17_16:11:27,68.1267,0.00786394,0.0120277,0.0447525,0.0160648,1.21329,2.12676,0.00805852,0
05/30/17_16:09:58,6.34622,0.0244023,0.0220168,0.22991,0.0677376,2.53589,4.46191,0.333591,1
05/30/17_16:10:38,33.0001,0.00504933,0.00374412,0.035633,0.0275687,0.416299,0.422599,0.0447362,0
05/30/17_16:10:10,2.13577,0.159609,0.142686,1.44231,0.286833,0.708047,0.862275,0.154565,1
05/30/17_16:10:54,6.30777,0.0327702,0.0214764,0.141916,0.0993492,0.129072,0.136773,0.102233,0
05/30/17_16:11:32,32.7,0.00133929,0.000991679,0.00217853,0.0183504,0.0129673,0.0126584,0.0180621,1
05/30/17_16:11:39,3.60079,0.0253395,0.0157794,0.163156,0.169987,0.101068,0.0890671,16.8818,0
05/30/17_16:11:06,5.7137,0.172735,0.0995366,0.344467,0.163616,0.459938,1.42772,8.32055,0
05/30/17_16:11:48,19.5296,0.00491586,0.0030227,0.0323334,0.0308358,0.0740507,0.0747547,0.0232007,0
05/30/17_16:10:14,42,0.0100668,0.00620911,0.0398354,0.250929,0.207532,0.340694,0.00194214,1
05/30/17_16:11:09,31.2431,0.0287689,0.0198322,0.162642,0.0259637,2.55961,6.46234,0.0166678,0
05/30/17_16:09:42,221.1,0.00499777,0.00289588,0.00226447,0.00408037,0.0490643,0.0510695,0.0129024,1
05/30/17_16:11:35,4.81404,0.0813894,0.0479497,0.401143,0.186981,0.902152,1.19142,17.1768,0
05/30/17_16:12:22,56.8093,0.0158978,0.014686,0.19226,0.0480552,2.63434,7.62174,0.00194323,0
05/30/17_16:12:01,2.41611,0.0947214,0.0560068,1.18068,0.315384,0.500032,0.561215,0.474032,1
05/30/17_16:10:12,292.827,0.00250875,0.00153653,0.00100134,0.00206055,0.0409556,0.038557,0.000123561,1
05/30/17_16:11:13,4.20183,0.0783413,0.0416667,0.409725,0.229907,0.479783,0.592751,13.4728,0
05/30/17_16:11:51,21.3084,0.012672,0.00852089,0.0428822,0.047658,0.0286832,0.0314853,0.357636,1
05/30/17_16:10:13,18.3039,0.00399201,0.00301233,0.0283417,0.21307,0.145144,0.140135,14.7596,1
05/30/17_16:12:01,10.801,0.00104028,0.00092218,0.0155367,0.0555999,0.0280103,0.0292855,0.0466631,1
05/30/17_16:10:26,3.30314,0.00407031,0.00266523,0.0265971,0.272938,0.0846061,0.0563169,0.202053,0
05/30/17_16:09:36,106.803,0.0057672,0.00377473,0.00174852,0.00544089,0.0348811,0.0331127,0.00140365,1
05/30/17_16:10:01,7.5,0.0165009,0.0118048,0.0875062,0.280122,0.173928,0.178764,0.0696347,1
05/30/17_16:10:35,14.1131,0.0275193,0.017223,0.111347,0.0503111,0.622038,0.946662,13.8531,0
05/30/17_16:12:09,26.1072,0.0124858,0.00811562,0.0563571,0.0354084,0.608077,0.979102,0.0431082,0
05/30/17_16:10:49,2.1,0.00301722,0.00344199,0.0345667,0.143011,0.0333507,0.0300027,0.129198,1
05/30/17_16:11:45,6.30013,0.000873181,0.000605789,0.0114191,0.0952357,0.0351981,0.0437013,0.103316,1
05/30/17_16:11:52,6.30841,0.00699036,0.00530701,0.0787605,0.0960336,0.0757592,0.0855279,0.0587753,1
05/30/17_16:11:23,9.30036,0.00598988,0.004519,0.0219425,0.0646416,0.0221439,0.0238753,1.34682,1
05/30/17_16:12:16,2.70118,0.0130517,0.0123857,0.117895,0.22279,0.0598515,0.054888,0.647977,1
05/30/17_16:11:54,3.30072,0.0113297,0.00795535,0.0893578,0.182922,0.0893957,0.124225,0.188272,1
05/30/17_16:09:45,15.9056,0.00657015,0.00475722,0.0233155,0.0379671,0.0369958,0.0378187,0.0674368,1
05/30/17_16:12:01,32.7007,0.00201257,0.00148179,0.0175525,0.119351,0.23069,0.295267,0.0254709,1
05/30/17_16:10:58,28.6675,0.0600921,0.0538451,0.262017,0.325339,2.69941,6.91887,0.0145216,0
05/30/17_16:09:39,94.5,0.00173161,0.00112039,0.00424703,0.00635785,0.0399295,0.0402138,0.00968327,1
05/30/17_16:12:03,22.8207,0.00523023,0.00733054,0.0454087,0.0264389,0.0732749,0.078461,0.0241682,0
05/30/17_16:11:54,6.90081,0.0103639,0.00578922,0.11409,0.131133,0.346092,0.43375,0.114265,0
05/30/17_16:12:03,8.72541,0.107234,0.0538094,0.320819,0.52315,0.142373,0.274981,0.0286613,1
05/30/17_16:09:19,6.30053,0.0176759,0.0125032,0.212637,0.809456,0.0915331,0.0378397,6.62475,1
05/30/17_16:11:41,2.40012,0.00221119,0.00222988,0.0245751,0.125071,0.0368847,0.0293293,0.193942,1
05/30/17_16:10:29,2.7509,0.019404,0.0202859,0.499931,0.234459,1.93455,2.65286,1.60796,0
05/30/17_16:11:17,24.6541,0.0162399,0.0140772,0.0574494,0.0249609,0.0626351,0.0691902,0.0369969,0
05/30/17_16:09:52,61.5012,0.00374465,0.00296328,0.00273704,0.00489941,0.0159013,0.0153721,0.00490556,1
05/30/17_16:09:42,6.30213,0.0170709,0.0109417,0.0763344,0.0960771,0.0412449,0.0495853,0.106425,1
05/30/17_16:09:40,38.4042,0.00174275,0.00149207,0.00550036,0.0156382,0.0258617,0.028638,0.00191971,1
05/30/17_16:10:16,7.20005,0.00339974,0.00192779,0.00372621,0.125067,0.00114629,0.000716917,0.194475,1
05/30/17_16:10:48,55.801,0.0120349,0.00915568,0.0710021,0.242509,1.40721,2.66992,0.00276456,0
05/30/17_16:12:00,5.00238,0.0778363,0.0573556,0.556374,0.194227,0.547894,0.846499,0.026916,0
05/30/17_16:11:29,22.5266,0.0468724,0.0316236,0.0747521,0.0402039,0.248922,0.304868,0.00826156,0
05/30/17_16:10:49,6.3013,0.00253492,0.00134458,0.0360168,0.142906,0.0374842,0.039311,0.178174,1
05/30/17_16:09:38,113.1,0.000680495,0.000474563,0.00591386,0.00540218,0.0601566,0.059735,0.000883008,1
05/30/17_16:11:47,5.71508,0.0141796,0.0110561,0.128243,0.210056,0.540588,0.861919,0.025819,1
05/30/17_16:11:05,4.50037,0.00398036,0.00297864,0.0444954,0.133549,0.115895,0.118598,0.0727075,0
05/30/17_16:10:06,2.70169,0.0363218,0.030546,0.329683,0.333263,0.109994,0.123347,0.720857,0
05/30/17_16:10:42,12.6,0.00116723,0.000593279,0.00651649,0.0476288,0.0329323,0.0319582,0.460451,1
05/30/17_16:09:43,3.67157,0.0471963,0.0394619,0.636445,0.250428,0.327923,0.691514,0.169306,1
05/30/17_16:11:57,8.70357,0.0049678,0.0038247,0.0533596,0.0691097,0.094424,0.0913181,0.00231426,1
05/30/17_16:10:06,29.4,0.00193323,0.00139117,0.00424814,0.0204493,0.0245595,0.0228605,0.526723,1
05/30/17_16:09:58,36.9391,0.0101438,0.00549825,0.0419347,0.057118,0.872825,1.53321,0.958448,0
05/30/17_16:11:29,13.5058,0.00531956,0.00317415,0.0252292,0.044553,0.02541,0.0238948,0.0916837,1
05/30/17_16:10:52,66.6003,0.00374317,0.00223909,0.00278064,0.00904804,0.022442,0.0214613,0.00505189,1
05/30/17_16:10:16,1.82051,0.11139,0.122101,1.49757,0.340349,0.614917,0.562613,1.20248,0
05/30/17_16:10:34,4.50047,0.0240605,0.0122367,0.100036,0.135844,0.0810934,0.0847137,3.47057,1
05/30/17_16:10:17,25.8003,0.00317433,0.00239619,0.00656369,0.0233723,0.0316548,0.0317877,0.036483,1
05/30/17_16:11:00,15.9495,0.0319258,0.0233291,0.172983,0.045028,0.659673,1.1332,3.99052,0
05/30/17_16:10:31,42.3005,0.00172827,0.000993218,0.0151373,0.0283719,0.273297,0.35312,0.0512123,1
05/30/17_16:09:52,21.9003,0.00103302,0.000835265,0.00491294,0.0274094,0.0120743,0.0134264,0.0201148,1
05/30/17_16:12:20,36.3,0.00924938,0.00507736,0.00701609,0.0166068,0.0453857,0.0464133,0.00253512,1
05/30/17_16:12:32,4.24299,0.0203172,0.0111911,0.280616,0.151135,0.448307,0.514953,23.4548,0
05/30/17_16:11:37,12.373,0.0503713,0.0364602,0.186655,0.105929,0.380742,0.479483,0.0654081,1
05/30/17_16:09:40,27,0.00431931,0.00264574,0.00864904,0.0222221,0.0575188,0.0516375,0.253474,1
05/30/17_16:11:06,20.5138,0.02938,0.0261605,0.144619,0.0432049,1.26552,1.8339,0.110003,0
05/30/17_16:11:09,47.1007,0.00370242,0.00197106,0.0285626,0.108316,0.0364319,0.0357908,1.86758,1
05/30/17_16:10:25,6.63239,0.0313126,0.0203393,0.139331,0.0958189,0.168034,0.163356,17.9677,0
05/30/17_16:09:56,8.7006,0.0043334,0.00254791,0.0351123,0.0690083,0.0874249,0.104055,0.127164,1
05/30/17_16:11:39,10.4776,0.0581711,0.027005,0.266306,0.15379,0.475025,0.743276,3.94292,0
05/30/17_16:10:09,1.50003,0.00231364,0.00277812,0.0332315,0.200104,0.0339565,0.0271581,1.21524,1
05/30/17_16:10:40,51.9004,0.00401311,0.0027372,0.00965932,0.0115736,0.113363,0.114803,0.000359861,0
05/30/17_16:11:01,36.9007,0.0246699,0.0137283,0.101599,0.0191603,1.82786,3.53219,0.00201827,0
05/30/17_16:12:01,15.0006,0.00298863,0.00226405,0.0271,0.0401013,0.0710164,0.0810882,0.00762635,0
05/30/17_16:11:39,5.13318,0.06212,0.0531791,0.365022,0.273096,0.496685,0.952727,4.54884,0
05/30/17_16:10:27,4.53378,0.0342948,0.0299586,0.294309,0.138472,0.229518,0.274172,3.86546,0
05/30/17_16:10:17,8.40079,0.0050432,0.00383673,0.0364378,0.0722178,0.0672669,0.0765091,4.33037,0
05/30/17_16:12:11,28.8003,0.00920655,0.00564032,0.00948127,0.0210926,0.0359121,0.035488,0.0307265,1
05/30/17_16:10:01,11.1605,0.0277853,0.026123,0.175053,0.217719,0.488762,0.591571,1.5979,0
05/30/17_16:12:56,1.80021,0.0135635,0.0130813,0.19324,0.333464,0.155882,0.159056,0.449584,1
05/30/17_16:12:41,47.8522,0.0297544,0.0175002,0.118705,0.11872,1.50106,3.1188,0.165213,0
05/30/17_16:11:58,2.456,0.0361445,0.0465362,0.586712,0.160824,1.11355,0.984679,0.307479,0
05/30/17_16:10:19,10.8342,0.0188348,0.0186758,0.115267,0.0565326,1.12133,1.58225,3.28873,0
05/30/17_16:11:37,6.00006,0.00129459,0.00124081,0.0117745,0.100003,0.0317258,0.0305052,0.0442311,0
05/30/17_16:10:27,3.60061,0.00941782,0.00596068,0.0566974,0.250376,0.0282724,0.0149429,1.36967,1
05/30/17_16:10:14,65.7028,0.00872977,0.00402032,0.0157356,0.00919341,0.0460052,0.0429325,0.00797003,1
05/30/17_16:09:49,209.701,0.00159701,0.00137093,0.00100666,0.0115823,0.0158003,0.0149505,0.00128791,1
05/30/17_16:11:43,8.71554,0.0218115,0.0135064,0.144967,0.104176,0.767283,0.881185,4.42962,0
05/30/17_16:11:22,6.30312,0.0130801,0.00770305,0.0771003,0.0972585,0.148185,0.145895,7.91172,0
05/30/17_16:12:32,3.90121,0.00532753,0.00495137,0.0628085,0.154099,0.0867564,0.0808111,0.218288,1
05/30/17_16:11:00,2.70038,0.00899909,0.00845157,0.100833,0.222614,0.063046,0.059261,0.274372,1
05/30/17_16:09:40,159.301,0.0102146,0.00579753,0.00181387,0.003811,0.0360285,0.0347557,0.0197354,1
05/30/17_16:10:50,9.0008,0.038243,0.0298423,0.353638,0.107429,0.375075,0.478574,1.69002,0
05/30/17_16:11:34,3.90003,0.00475874,0.00303166,0.0470426,0.0773513,0.117183,0.120956,0.0828304,0
05/30/17_16:09:47,37.8104,0.00292802,0.00291408,0.0120886,0.0164139,0.0366366,0.0340205,0.026503,1
05/30/17_16:09:59,5.1014,0.0126301,0.00558624,0.0604463,0.118935,0.0286847,0.0242661,10.7899,0
05/30/17_16:09:35,14.7086,0.00511664,0.00563742,0.0304307,0.0620273,0.0445048,0.0407992,0.600951,1
05/30/17_16:11:26,84.0008,0.00121261,0.00131103,0.0109711,0.00714347,0.04337,0.0413374,0.000683442,1
05/30/17_16:11:55,4.8,0.0596477,0.0274258,0.227961,0.198204,0.118083,0.111465,0.630898,0
05/30/17_16:10:57,29.1002,0.00373856,0.00191386,0.00404016,0.0206523,0.0315743,0.0316186,0.00177942,1
05/30/17_16:12:21,35.7034,0.00624678,0.00314712,0.0126749,0.00861997,0.0582295,0.0553933,0.0025464,1
05/30/17_16:11:59,18.9019,0.0190058,0.0108089,0.092471,0.0416532,0.496228,0.734248,0.799249,0
05/30/17_16:10:36,16.8109,0.0330301,0.0249678,0.296209,0.0965041,2.58894,4.43736,0.402857,0
05/30/17_16:09:29,10.206,0.00533873,0.0037229,0.0514664,0.0886025,0.299564,0.314197,0.0321942,1
05/30/17_16:09:35,95.4025,0.00188765,0.00112759,0.00252815,0.00632001,0.0505419,0.0504828,0.00227497,1
05/30/17_16:10:18,20.1012,0.00452704,0.00278411,0.0376593,0.030235,0.0850721,0.0959799,0.844363,1
05/30/17_16:11:23,56.798,0.0265132,0.0240954,0.464097,0.203316,1.91274,5.46631,0.289023,0
05/30/17_16:09:58,17.25,0.0176493,0.0215115,0.167131,0.0715347,0.517146,0.844639,4.00936,0
05/30/17_16:09:42,2.71237,0.0519328,0.0567166,0.593791,0.229798,0.222825,0.170113,0.404834,1
05/30/17_16:11:09,24.4594,0.0155981,0.00985148,0.0842042,0.0276988,0.57129,0.949673,2.77337,0
05/30/17_16:11:57,8.12538,0.00800073,0.0188899,0.148158,0.0991708,0.113188,0.124162,0.0844708,0
05/30/17_16:12:40,16.8006,0.0260762,0.0165125,0.132361,0.036797,0.387712,0.539883,1.76705,0
05/30/17_16:11:14,25.5072,0.00535509,0.00326393,0.0286783,0.0140538,0.0509171,0.0577295,0.0107533,1
05/30/17_16:11:31,12.9893,0.0401471,0.0302927,0.169457,0.0505893,0.303351,0.459036,0.0354264,0
05/30/17_16:09:41,2.40576,0.0158713,0.0225294,0.216684,0.249517,0.161229,0.130765,0.0455193,1
05/30/17_16:11:16,2.43196,0.0828218,0.0559022,0.771205,0.329965,0.537554,1.055,0.491003,1
05/30/17_16:10:37,21.9178,0.0053358,0.00520445,0.0660085,0.0294232,0.298869,0.270021,0.0328934,0
05/30/17_16:10:38,7.20103,0.0685177,0.0448609,0.277823,0.112514,0.167065,0.203098,9.6834,0
05/30/17_16:12:08,13.5009,0.00161794,0.00187815,0.0252342,0.0444683,0.0475629,0.0477518,0.0578597,1
05/30/17_16:11:07,4.83428,0.0750095,0.0557954,0.682749,0.198388,0.686037,1.40309,7.10331,0
05/30/17_16:12:52,4.20259,0.00650425,0.00779385,0.0795045,0.143122,0.051713,0.046534,0.46109,1
05/30/17_16:09:33,36.6001,0.00248445,0.00167215,0.0074076,0.0165499,0.12795,0.123877,0.0175456,1
05/30/17_16:11:27,7.85038,0.0323769,0.0408997,0.282884,0.274564,0.150048,0.225967,7.30867,0
05/30/17_16:10:36,10.8015,0.00327336,0.00428548,0.0403494,0.0557265,0.0182207,0.0179849,0.23091,1
05/30/17_16:10:18,5.40019,0.012758,0.00733209,0.06771,0.111674,0.170427,0.160876,19.6478,0
05/30/17_16:12:25,1.80016,0.00723445,0.00719367,0.11378,0.167386,0.114386,0.111437,1.1954,1
05/30/17_16:11:22,78.6116,0.0160677,0.0160822,0.17159,0.144205,2.40453,5.84556,0.00753929,0
05/30/17_16:10:04,29.4015,0.00168147,0.00108588,0.00654624,0.0410186,0.0110422,0.0125489,0.021259,1
05/30/17_16:11:07,25.2114,0.00508038,0.00515676,0.0461018,0.0143698,0.73965,1.32648,0.00280768,0
05/30/17_16:10:16,1.50024,0.000717561,0.000959623,0.0170471,0.200053,0.058396,0.0581152,1.35707,0
05/30/17_16:11:37,6.30329,0.0026955,0.00212174,0.0337069,0.0953841,0.0470033,0.0400555,2.93151,1
05/30/17_16:12:27,6.30014,0.00782578,0.00490952,0.0311985,0.0479608,0.0209791,0.0206152,0.02704,1
05/30/17_16:11:18,28.8005,0.00453115,0.00216235,0.0127574,0.0210705,0.0512451,0.0513959,0.0163976,1
05/30/17_16:10:25,18.01,0.00467589,0.00495355,0.041402,0.683279,0.0877917,0.0890123,0.0113508,1
05/30/17_16:09:18,2.40238,0.0228854,0.011238,0.361784,0.25779,0.376797,0.420844,0.358696,1
05/30/17_16:11:56,37.4592,0.0103783,0.0123333,0.0659521,0.0196828,0.803053,1.28499,1.66804,0
05/30/17_16:09:42,188.419,0.00210807,0.0021817,0.00297309,0.00326093,0.045123,0.0419941,0.168529,1
05/30/17_16:12:05,3.91333,0.00747312,0.00489146,0.0824311,0.154773,0.120661,0.190081,5.08602,1
05/30/17_16:10:29,4.5061,0.0721369,0.0470236,0.516652,0.214548,0.382835,0.547823,0.193907,0
05/30/17_16:10:52,13.2003,0.00550296,0.00481769,0.0606243,0.0709675,0.293392,0.366037,0.0463847,1
05/30/17_16:11:39,9.01038,0.00761137,0.0075872,0.0796467,0.0680221,0.110583,0.115498,6.81758,0
05/30/17_16:10:20,8.10029,0.0508641,0.0310001,0.349514,0.111349,0.160034,0.292755,3.96211,0
05/30/17_16:09:54,35.6999,0.00119724,0.000932057,0.00171848,0.0084117,0.0169928,0.0152752,0.0207392,1
05/30/17_16:11:10,50.7005,0.0236737,0.0148188,0.0575146,0.0242128,2.03542,4.21262,0.0962612,0
05/30/17_16:11:57,30.6004,0.00113087,0.000761735,0.0046216,0.0196077,0.0291892,0.0281031,0.01594,1
05/30/17_16:10:04,20.704,0.00688868,0.00382706,0.0279255,0.232269,0.0255599,0.0280137,0.0706698,1
05/30/17_16:12:07,17.4005,0.0214818,0.0115314,0.128175,0.0357974,1.87608,3.46519,2.39475,0
05/30/17_16:11:18,3.62019,0.0153786,0.0141064,0.109277,0.251601,0.24148,0.292137,0.182297,1
05/30/17_16:11:28,13.5282,0.013733,0.0091846,0.0696106,0.0887049,0.298796,0.320392,2.29732,0
05/30/17_16:10:23,2.10019,0.0365035,0.0386932,0.416332,0.155652,0.357833,0.260821,0.0423574,1
05/30/17_16:12:07,27.0789,0.00758456,0.0060521,0.155054,0.0361243,0.236103,0.304974,0.0440047,0
05/30/17_16:11:51,19.8,0.0076923,0.00627336,0.0486826,0.0336724,0.240386,0.262862,1.68449,0
05/30/17_16:10:41,35.5124,0.0258035,0.0288227,0.281869,0.158269,2.33221,5.35813,0.00256626,0
05/30/17_16:10:46,15.3009,0.0245511,0.0152827,0.0527923,0.0413049,0.0828195,0.0882563,0.0120259,1
05/30/17_16:10:08,1.50008,0.00626681,0.00791149,0.0942384,0.200614,0.0793158,0.0661642,1.09957,1
05/30/17_16:12:27,9.00057,0.0100688,0.00629589,0.0421303,0.101088,0.139946,0.151732,0.127997,0
05/30/17_16:10:09,7.50012,0.0111764,0.00672903,0.0644092,0.0408417,0.170163,0.169481,8.28313,0
05/30/17_16:10:10,19.2001,0.00095846,0.000496615,0.00509943,0.0156473,0.021701,0.01963,0.0198715,1
05/30/17_16:09:55,33.6001,0.025242,0.0208117,0.0554958,0.127984,0.688701,1.23239,0.369293,0
05/30/17_16:12:13,3.04674,0.0497975,0.0479207,0.692644,0.209917,1.48226,1.91534,9.07008,0
05/30/17_16:10:34,31.2001,0.00131507,0.000645618,0.00375173,0.0192307,0.0253685,0.0250472,0.00231624,1
05/30/17_16:11:59,15.6,0.0176903,0.0107412,0.0635487,0.0914308,0.304394,0.299699,0.545178,0
05/30/17_16:11:37,4.80047,0.00670405,0.00439657,0.086122,0.187698,0.0915773,0.0729681,14.2547,1
05/30/17_16:10:01,26.4012,0.00557132,0.00437864,0.00803666,0.0228349,0.0163081,0.0152838,0.0096158,1
05/30/17_16:10:00,3.30046,0.0120314,0.00880962,0.110111,0.182323,0.0907079,0.0872468,0.0835679,1
05/30/17_16:10:49,6.0263,0.046856,0.0303025,0.22152,0.112002,0.214181,0.191715,15.2833,0
05/30/17_16:11:47,16.8112,0.0141103,0.00714473,0.153472,0.148325,0.823232,1.16943,0.0700125,0
05/30/17_16:10:49,11.1002,0.0109075,0.00638342,0.0275717,0.0547129,0.0230667,0.0297796,0.220634,1
05/30/17_16:10:35,11.7,0.0123597,0.00666667,0.0441224,0.169406,0.105129,0.11432,0.0040029,0
05/30/17_16:12:14,3.90004,0.0491328,0.0266589,0.2295,0.161347,0.276083,0.341945,3.12716,0
05/30/17_16:11:35,30.7265,0.0193361,0.0153455,0.187138,0.0743775,0.790654,1.30896,3.33692,0
05/30/17_16:11:47,46.989,0.0123864,0.0158064,0.0719797,0.160891,2.20171,5.20706,0.304954,0
05/30/17_16:10:04,6.00412,0.00594532,0.00626783,0.0664502,0.051824,0.0636665,0.0536799,0.0121343,1
05/30/17_16:11:29,12.9,0.00220196,0.0026461,0.0623232,0.0697806,0.096748,0.0885558,0.0116187,1
05/30/17_16:11:49,18.0009,0.00176325,0.00146758,0.00708862,0.0333346,0.0243694,0.0242379,0.240231,1
05/30/17_16:10:40,54.6009,0.00108321,0.000924749,0.00601969,0.0110567,0.0362993,0.036412,0.0143379,1
05/30/17_16:10:25,25.8003,0.00474043,0.00330639,0.0115131,0.0232555,0.0522851,0.0524355,0.00303848,0
05/30/17_16:10:58,3.90076,0.00315663,0.0036912,0.0516772,0.153925,0.0369054,0.0385378,0.276577,1
05/30/17_16:12:09,9.33045,0.107071,0.0552101,0.396996,0.0717575,3.74136,9.18274,1.71897,0
05/30/17_16:10:20,7.80007,0.0157506,0.0101045,0.150973,0.500223,0.136959,0.130338,0.201995,1
05/30/17_16:12:28,58.5,0.00691433,0.00694581,0.0644382,0.0260834,1.36154,2.4351,0.00243074,0
05/30/17_16:11:26,7.87355,0.0252414,0.0225569,0.360535,0.26932,0.375934,0.436212,9.47417,0
05/30/17_16:11:34,8.11025,0.00867786,0.00543379,0.041825,0.0745787,0.0619765,0.0844634,0.0292337,1
05/30/17_16:11:28,13.2001,0.00229099,0.00181914,0.0206545,0.113746,0.134025,0.156911,0.12752,0
05/30/17_16:12:20,15.6067,0.020708,0.013511,0.0352667,0.0406913,0.031454,0.033773,0.00905951,1
05/30/17_16:11:55,5.4004,0.0052883,0.00370577,0.0620094,0.111542,0.732823,1.0783,1.27483,1
05/30/17_16:10:50,10.2005,0.00507306,0.00332989,0.015372,0.0588324,0.0232753,0.0240122,0.336542,1
05/30/17_16:09:58,5.70018,0.00363272,0.00141163,0.00411812,0.105671,0.0588032,0.0506606,0.150533,1
05/30/17_16:11:10,136.226,0.0112021,0.0118418,0.19651,0.0863781,2.81458,7.81653,0.101249,0
05/30/17_16:12:13,78.3025,0.00638707,0.00359967,0.00501656,0.0154272,0.0170652,0.0167678,0.0097447,1
05/30/17_16:11:27,5.40018,0.0468263,0.0148537,0.16522,0.182465,0.15176,0.106317,0.316665,1
05/30/17_16:11:28,14.4003,0.00272529,0.00141385,0.00448048,0.291801,0.0204026,0.0204707,0.041912,1
05/30/17_16:11:14,1.80912,0.00563659,0.00420336,0.143496,0.333529,0.288426,0.383259,0.328097,0
05/30/17_16:12:03,33.3012,0.0143059,0.00761701,0.0474139,0.0230659,0.263035,0.330022,0.101393,0
05/30/17_16:12:17,27.9023,0.00263659,0.00296205,0.0282644,0.0114418,0.286935,0.401823,0.116177,1
05/30/17_16:11:46,9.00073,0.00422532,0.00322298,0.0161756,0.0335225,0.0197699,0.0195979,7.92634,1
05/30/17_16:10:30,45.6072,0.0040806,0.00218958,0.00638831,0.013224,0.0171226,0.0180185,0.0213938,1
05/30/17_16:11:18,8.70001,0.00105163,0.00106054,0.0126475,0.0689724,0.0208333,0.0234865,25.6194,1
05/30/17_16:11:06,4.50088,0.0197485,0.0114437,0.102308,0.136111,0.114146,0.104513,0.0524286,0
05/30/17_16:12:35,36.349,0.00961149,0.00942325,0.076288,0.0265842,0.538862,0.752917,0.0105979,0
05/30/17_16:11:03,4.80023,0.00165049,0.00124775,0.0266503,0.124998,0.0750531,0.0799194,0.0348774,0
05/30/17_16:12:00,23.1732,0.0226443,0.0126303,0.12237,0.0388383,0.373658,0.6117,0.80466,0
05/30/17_16:12:06,6.90065,0.00411116,0.00307669,0.0242506,0.13054,0.0179048,0.0175976,0.185127,1
05/30/17_16:09:33,11.4069,0.00568194,0.00360109,0.0433253,0.0793183,0.174173,0.152323,0.0144609,1
05/30/17_16:10:36,8.40212,0.00346329,0.00304667,0.0355956,0.142903,0.0730542,0.0838815,0.0339329,0
05/30/17_16:10:34,16.5012,0.00352518,0.00212697,0.0109126,0.0364012,0.0435562,0.0426708,0.0588001,1
05/30/17_16:11:34,18.9012,0.0134756,0.00499216,0.0225476,0.0484182,0.0812258,0.0926987,0.0483485,1
05/30/17_16:10:26,15.6245,0.0203829,0.0128566,0.136252,0.058118,0.762311,0.979409,0.586746,0
05/30/17_16:10:36,13.8024,0.0853904,0.0651655,0.314033,0.0795774,4.34569,9.8811,2.99123,0
05/30/17_16:10:35,26.1597,0.0275016,0.0212426,0.273894,0.0636621,1.08027,1.53603,2.06006,0
05/30/17_16:11:45,11.1005,0.0053951,0.00270381,0.0126527,0.0812923,0.00639214,0.00527365,0.0146215,1
05/30/17_16:10:34,15.9028,0.00346117,0.0034369,0.0229964,0.037827,0.0563065,0.0635647,0.0245331,0
05/30/17_16:10:52,10.5086,0.0357513,0.0219069,0.213127,0.0906607,0.680393,1.12989,1.42221,0
05/30/17_16:09:44,31.5004,0.00267105,0.00195884,0.00661042,0.0190489,0.0307234,0.0290877,0.00711673,1
05/30/17_16:11:10,53.1003,0.00600165,0.00413597,0.0398092,0.0318865,0.596241,0.936031,0.0117564,0
05/30/17_16:11:13,3.02656,0.0207133,0.0151789,0.290277,0.199123,0.409987,0.449263,7.45257,0
05/30/17_16:10:48,4.80112,0.00847685,0.00413521,0.0550147,0.125391,0.0387691,0.0458634,0.273192,1
05/30/17_16:12:47,7.20863,0.00438527,0.0047122,0.0683763,0.125703,0.225537,0.241385,3.86371,1
05/30/17_16:11:56,25.6274,0.0237607,0.012152,0.174999,0.0311903,1.07656,1.84829,0.00574184,0
05/30/17_16:09:37,116.717,0.00355061,0.00236366,0.00241564,0.0253605,0.0282974,0.0279158,0.0120283,1
05/30/17_16:09:34,101.4,0.00232206,0.00118236,0.00412382,0.00596693,0.0751434,0.103438,0.00148415,1
05/30/17_16:09:24,7.80495,0.0056884,0.00324605,0.131056,0.346396,0.12308,0.12125,0.33428,1
05/30/17_16:12:51,26.1,0.00343163,0.00178641,0.00349313,0.0230014,0.0109593,0.0107218,0.0770897,1
05/30/17_16:10:39,39.9869,0.00890301,0.00946311,0.0757479,0.0264648,0.794065,1.12049,0.00117399,0
05/30/17_16:12:05,2.40049,0.0137376,0.00767491,0.0780522,0.25081,0.219864,0.317861,0.409743,0
05/30/17_16:10:05,160.202,0.00352625,0.00183542,0.00191853,0.00376878,0.0496174,0.0496287,0.00167602,1
05/30/17_16:11:29,2.1,0.00533488,0.0034084,0.0565657,0.285741,0.0355311,0.0325191,0.159853,1
05/30/17_16:12:05,8.10063,0.0212496,0.0122345,0.113885,0.0787155,0.586228,0.868692,1.489,0
05/30/17_16:09:56,1.49998,0.00388025,0.00483663,0.0669893,0.200221,0.0811726,0.0809574,0.202288,1
05/30/17_16:10:26,1.50378,0.0177061,0.0224424,0.276684,0.205575,0.290831,0.302081,8.56962,0
05/30/17_16:11:29,25.8001,0.00758491,0.00493281,0.0487505,0.0234084,1.024,1.90708,0.609552,0
05/30/17_16:11:52,4.80135,0.00623665,0.00539029,0.0695159,0.125671,0.101015,0.0824805,0.15345,0
05/30/17_16:10:00,197.4,0.00553473,0.00289989,0.0037977,0.00459821,0.0654123,0.0608651,0.0033211,1
05/30/17_16:09:57,24.9033,0.0262833,0.0210809,0.195877,0.188579,0.935342,1.4672,0.754069,0
05/30/17_16:11:04,16.2067,0.0190563,0.00735376,0.0416703,0.0950826,0.231756,0.292692,3.98818,0
05/30/17_16:10:29,10.501,0.00248834,0.00104092,0.00657996,0.600094,0.0204021,0.010417,0.0152728,1
05/30/17_16:11:57,30.6362,0.0203758,0.0144364,0.140157,0.0780461,0.832991,1.32348,0.258603,0
05/30/17_16:10:18,19.2,0.00766795,0.00570176,0.0963045,0.0476785,0.0659514,0.0851397,0.0667745,1
05/30/17_16:11:21,23.2019,0.0325454,0.0242873,0.242666,0.0525997,1.21845,2.67642,0.794211,0
05/30/17_16:09:19,60.3016,0.00292577,0.00189195,0.00798443,0.0696499,0.103567,0.117297,0.00267365,1
05/30/17_16:11:58,18.2303,0.051857,0.0313553,0.241328,0.0666262,0.378881,0.764536,0.0166529,1
05/30/17_16:10:36,32.7033,0.00599538,0.00543028,0.0376849,0.146801,0.0818829,0.0910506,0.12388,1
05/30/17_16:11:12,162.606,0.00853159,0.0117718,0.0984281,0.0771654,4.32089,12.8479,0.001308,0
05/30/17_16:11:47,29.2649,0.0367482,0.0223348,0.188733,0.0444269,2.29418,4.75488,0.00549184,0
05/30/17_16:10:11,177.3,0.00390363,0.00270344,0.00163724,0.00340925,0.0375411,0.0362132,0.00169314,1
05/30/17_16:11:55,30.6001,0.0143731,0.00949214,0.0799932,0.0230699,2.50382,5.8135,0.0132943,0
05/30/17_16:10:28,7.5173,0.0148135,0.00778787,0.0579571,0.121532,0.0466243,0.0623027,1.49089,1
05/30/17_16:10:34,85.2003,0.00683559,0.00398006,0.00219642,0.00705612,0.0168433,0.0148091,0.00236127,1
05/30/17_16:10:04,3.00003,0.000987349,0.00067183,0.00526877,0.200013,0.00549065,0.00802507,0.290176,1
05/30/17_16:10:52,22.0715,0.0205501,0.014141,0.117805,0.048503,0.629363,0.792723,0.201703,0
05/30/17_16:11:54,24.9387,0.0270741,0.0184894,0.101437,0.0966701,0.109857,0.150219,2.19528,1
05/30/17_16:11:52,12.9,0.000549917,0.000312848,0.00359224,0.0465172,0.0215146,0.0197766,0.0119701,1
05/30/17_16:11:38,23.1,0.00101954,0.000557097,0.00422814,0.0129986,0.0337919,0.0322197,0.0139912,1
05/30/17_16:09:50,18.3007,0.00121205,0.00109258,0.00815745,0.0328007,0.0822848,0.0920255,0.00586731,1
05/30/17_16:11:30,15.3025,0.0365199,0.0267242,0.214527,0.188381,2.38238,4.92888,0.531146,0
05/30/17_16:09:37,2.70042,0.0100434,0.00884898,0.0936739,0.222603,0.0413822,0.0401836,0.22483,1
05/30/17_16:11:35,58.2,0.0178876,0.00719408,0.0157983,0.0282547,0.0143935,0.0142066,0.00182381,1
05/30/17_16:11:46,55.5029,0.0116534,0.00967607,0.0766731,0.134925,2.08642,4.45961,0.287972,0
05/30/17_16:12:00,5.69996,0.00361199,0.00202469,0.011207,0.052672,0.0118705,0.010233,0.771065,1
05/30/17_16:10:23,17.7033,0.0199978,0.015729,0.10062,0.0717568,0.504369,0.754863,0.0929752,0
05/30/17_16:12:00,18.4461,0.0507073,0.0330911,0.160806,0.0556601,1.609,2.93087,1.62373,0
05/30/17_16:11:17,41.7001,0.0130174,0.0103088,0.040476,0.168423,0.285669,0.345375,0.0361207,1
05/30/17_16:11:23,4.80032,0.00325966,0.00189631,0.0215777,0.125039,0.0371323,0.0486953,0.00544622,1
05/30/17_16:09:19,3.00037,0.00573101,0.00373597,0.0396837,0.200033,0.0992524,0.0944191,0.138476,1
05/30/17_16:11:58,9.60083,0.00502134,0.00306086,0.0140769,0.0626227,0.0313338,0.0380598,0.0155645,1
05/30/17_16:11:09,6.90347,0.0269453,0.0182778,0.0880168,0.0923173,0.101149,0.105693,0.0299161,0
05/30/17_16:11:57,59.3247,0.0164107,0.0197825,0.16818,0.0440698,1.37057,3.29329,0.0025746,0
