79 00 164 1778
79 01 174 1694
79 02 175 1582
79 03 174 1805
79 04 175 1286
79 05 174 1805
79 06 174 1583
79 07 165 1740
79 08 175 1730
79 09 188 1717
79 10 175 1804
79 11 175 1619
79 12 174 2064
79 13 187 2014
79 14 156 1712
79 15 183 1759
79 16 175 1767
79 17 175 1804
79 18 188 1865
79 19 174 1287
79 20 174 1805
79 21 168 1441
79 22 174 1620
79 23 174 1842
79 24 174 1805
79 25 144 1761
79 26 174 1435
79 27 187 2162
79 28 174 1731
79 29 174 2101
79 30 173 1843
79 31 156 1416
80 00 125 1410
80 01 159 1783
80 02 164 1667
80 03 155 1639
80 04 143 1614
80 05 164 1704
80 06 154 1788
80 07 140 1728
80 08 153 1863
80 09 143 1762
80 10 152 1716
80 11 155 2009
80 12 148 1424
80 13 163 1335
80 14 137 1620
80 15 135 1511
80 16 155 1787
80 17 143 1910
80 18 140 2246
80 19 152 1494
80 20 141 1801
80 21 146 1648
80 22 140 1321
80 23 140 1469
80 24 132 1662
80 25 132 1329
80 26 124 1411
80 27 144 2242
80 28 135 2103
80 29 121 2043
80 30 144 1095
80 31 138 1878
81 00 220 1648
81 01 212 2174
81 02 214 1950
81 03 222 1313
81 04 218 1539
81 05 207 1365
81 06 208 1549
81 07 231 1637
81 08 239 1777
81 09 219 1760
81 10 222 1905
81 11 209 1659
81 12 217 1614
81 13 208 1438
81 14 204 1516
81 15 221 1536
81 16 227 1530
81 17 208 1586
81 18 212 1545
81 19 208 1697
81 20 219 1723
81 21 221 1573
81 22 220 1537
81 23 213 1322
81 24 208 1660
81 25 227 1567
81 26 220 2018
81 27 199 1632
81 28 197 1708
81 29 190 1419
81 30 208 1179
81 31 209 1474
83 00 129 1406
83 01 145 1686
83 02 140 1543
83 03 128 1407
83 04 139 1877
83 05 134 1697
83 06 147 1203
83 07 151 1828
83 08 152 1938
83 09 128 1925
83 10 138 1989
83 11 149 1534
83 12 139 1285
83 13 132 1736
83 14 128 1888
83 15 140 1506
83 16 133 1920
83 17 129 1887
83 18 127 1704
83 19 138 1730
83 20 134 2289
83 21 134 2030
83 22 124 1374
83 23 139 1470
83 24 149 1941
83 25 153 1567
83 26 138 2137
83 27 125 1410
83 28 140 2098
83 29 125 1299
83 30 140 1802
83 31 137 1916
84 00 90 1482
84 01 92 2035
84 02 87 1633
84 03 79 1715
84 04 100 1583
84 05 92 1776
84 06 92 1295
84 07 116 1789
84 08 90 1630
84 09 90 1371
84 10 89 1853
84 11 85 1598
84 12 91 1592
84 13 89 1705
84 14 90 1704
84 15 79 1382
84 16 103 1543
84 17 90 1519
84 18 90 1778
84 19 90 1593
84 20 89 1298
84 21 91 1814
84 22 90 1852
84 23 85 1561
84 24 90 1704
84 25 90 1334
84 26 90 1667
84 27 90 1408
84 28 90 1593
84 29 90 1704
84 30 92 1221
84 31 99 1880
85 00 124 1485
85 01 121 1784
85 02 118 1824
85 03 144 1465
85 04 115 1420
85 05 137 1583
85 06 134 1549
85 07 126 1520
85 08 144 1687
85 09 124 1337
85 10 105 1615
85 11 111 2127
85 12 127 1889
85 13 128 1629
85 14 111 1683
85 15 131 1811
85 16 133 1624
85 17 111 1609
85 18 112 1756
85 19 123 1708
85 20 124 1337
85 21 128 1555
85 22 111 1609
85 23 111 1498
85 24 116 1937
85 25 108 1464
85 26 101 1656
85 27 116 1641
85 28 119 1527
85 29 123 1634
85 30 111 1720
85 31 116 1641
86 00 231 1600
86 01 241 1590
86 02 235 1596
86 03 239 1925
86 04 223 1571
86 05 236 1632
86 06 236 1632
86 07 252 1542
86 08 239 1481
86 09 236 1447
86 10 228 1455
86 11 231 1711
86 12 252 1653
86 13 236 1706
86 14 240 1702
86 15 235 1263
86 16 222 1535
86 17 234 1819
86 18 229 1713
86 19 240 1702
86 20 238 1630
86 21 230 1194
86 22 236 2039
86 23 228 1381
86 24 223 1904
86 25 235 1929
86 26 236 3445
86 27 217 1281
86 28 234 1486
86 29 220 945
86 30 226 2493
86 31 230 1453
87 00 102 1803
87 01 125 1780
87 02 111 1609
87 03 96 1328
87 04 117 2010
87 05 128 1370
87 06 111 1498
87 07 118 1417
87 08 111 1831
87 09 100 1250
87 10 111 1646
87 11 111 1757
87 12 111 1387
87 13 107 1280
87 14 111 1831
87 15 111 1498
87 16 123 1671
87 17 105 1948
87 18 120 1674
87 19 102 1988
87 20 93 1664
87 21 113 1496
87 22 117 2232
87 23 93 1442
87 24 106 1688
87 25 84 1636
87 26 111 1424
87 27 111 1831
87 28 111 2016
87 29 98 2177
87 30 100 1287
87 31 109 1796
88 00 142 1726
88 01 158 1784
88 02 153 1863
88 03 164 1815
88 04 159 1709
88 05 161 1781
88 06 146 1759
88 07 140 1321
88 08 149 1793
88 09 134 1697
88 10 144 1650
88 11 136 1658
88 12 130 2071
88 13 147 1573
88 14 155 1713
88 15 134 1512
88 16 124 1633
88 17 144 1576
88 18 140 1765
88 19 140 1543
88 20 152 1346
88 21 149 1719
88 22 142 2244
88 23 140 1728
88 24 134 1660
88 25 144 1428
88 26 152 1790
88 27 141 1542
88 28 138 1730
88 29 144 1835
88 30 136 1695
88 31 138 1249
89 00 175 1471
89 01 204 1590
89 02 197 1634
89 03 205 1404
89 04 198 1411
89 05 182 1797
89 06 211 1620
89 07 183 1611
89 08 196 1561
89 09 191 1307
89 10 195 1525
89 11 187 1533
89 12 204 1590
89 13 203 1665
89 14 209 1733
89 15 189 1383
89 16 201 1815
89 17 201 1482
89 18 211 1472
89 19 204 1627
89 20 204 1775
89 21 179 1319
89 22 195 1932
89 23 190 1567
89 24 180 1244
89 25 174 1657
89 26 198 1485
89 27 190 2048
89 28 186 1867
89 29 196 1746
89 30 203 1998
89 31 192 2120
90 00 174 1509
90 01 212 1767
90 02 191 1788
90 03 202 1888
90 04 204 1664
90 05 198 1522
90 06 208 1734
90 07 212 1545
90 08 185 1720
90 09 195 1562
90 10 186 2126
90 11 193 1749
90 12 191 1751
90 13 195 1747
90 14 203 1517
90 15 195 1451
90 16 190 1456
90 17 190 1826
90 18 191 1751
90 19 195 1673
90 20 191 1714
90 21 202 1962
90 22 180 1910
90 23 201 1778
90 24 175 1841
90 25 197 1597
90 26 187 1903
90 27 183 1500
90 28 201 1667
90 29 204 2145
90 30 203 1517
90 31 190 1715
91 00 158 1747
91 01 173 1695
91 02 178 1764
91 03 180 1910
91 04 186 1608
91 05 180 1429
91 06 160 1449
91 07 193 1527
91 08 167 1442
91 09 169 1625
91 10 182 1501
91 11 160 1301
91 12 176 1729
91 13 165 1740
91 14 171 1364
91 15 168 1737
91 16 155 1713
91 17 167 1627
91 18 181 1576
91 19 165 1740
91 20 183 1611
91 21 159 1672
91 22 169 1736
91 23 150 1570
91 24 163 1409
91 25 171 1771
91 26 180 1725
91 27 177 1506
91 28 168 1700
91 29 167 1516
91 30 171 1216
91 31 166 2294
93 00 145 1982
93 01 143 1281
93 02 157 1267
93 03 162 1595
93 04 149 1608
93 05 169 1514
93 06 149 1719
93 07 161 1559
93 08 141 1468
93 09 138 1767
93 10 154 1529
93 11 143 1540
93 12 139 1359
93 13 147 1610
93 14 158 1266
93 15 157 1674
93 16 158 1525
93 17 151 1384
93 18 140 1728
93 19 145 1575
93 20 157 1230
93 21 158 1525
93 22 131 1441
93 23 150 1422
93 24 150 1237
93 25 133 1587
93 26 133 1291
93 27 145 1020
93 28 133 995
93 29 149 1238
93 30 150 2865
93 31 146 1426
94 00 96 1883
94 01 113 1866
94 02 113 1496
94 03 124 1707
94 04 131 1774
94 05 97 1475
94 06 96 1624
94 07 96 1365
94 08 113 1274
94 09 87 1707
94 10 113 1570
94 11 101 1545
94 12 92 1924
94 13 96 1476
94 14 101 1693
94 15 100 1768
94 16 97 1734
94 17 108 1723
94 18 95 1773
94 19 102 1692
94 20 102 1766
94 21 95 1588
94 22 100 1990
94 23 100 1620
94 24 100 1287
94 25 102 1507
94 26 100 1620
94 27 92 1332
94 28 91 1962
94 29 100 1398
94 30 108 1316
94 31 113 1681
95 00 154 1640
95 01 164 1408
95 02 180 1947
95 03 180 2169
95 04 179 1874
95 05 175 1545
95 06 162 1151
95 07 160 1634
95 08 158 2265
95 09 179 2170
95 10 175 1619
95 11 172 1622
95 12 175 1323
95 13 171 1623
95 14 167 1257
95 15 163 1779
95 16 164 1519
95 17 164 1704
95 18 165 1296
95 19 175 1508
95 20 165 1222
95 21 165 1814
95 22 160 1523
95 23 159 1746
95 24 175 2100
95 25 164 1704
95 26 154 2195
95 27 165 2073
95 28 175 2137
95 29 148 2090
95 30 148 1794
95 31 164 1778
96 00 124 2336
96 01 148 2312
96 02 150 1903
96 03 148 1794
96 04 141 1653
96 05 148 1683
96 06 158 1636
96 07 129 1332
96 08 142 1911
96 09 137 1583
96 10 130 2145
96 11 132 2069
96 12 139 2728
96 13 140 1950
96 14 143 1799
96 15 143 1984
96 16 139 1840
96 17 136 1954
96 18 132 1255
96 19 145 2019
96 20 134 1882
96 21 127 2111
96 22 143 1799
96 23 143 1614
96 24 150 2236
96 25 142 1726
96 26 130 2552
96 27 137 2471
96 28 149 1016
96 29 134 1475
96 30 132 1292
96 31 134 1327
97 00 144 1576
97 01 144 1576
97 02 151 1606
97 03 153 1789
97 04 153 2196
97 05 139 1544
97 06 144 1835
97 07 144 1391
97 08 148 1646
97 09 152 1642
97 10 157 1933
97 11 144 1798
97 12 132 1551
97 13 140 1580
97 14 132 1662
97 15 154 1788
97 16 144 1761
97 17 140 1580
97 18 132 1773
97 19 144 1428
97 20 144 1761
97 21 144 1465
97 22 144 2205
97 23 132 1551
97 24 129 1480
97 25 132 1921
97 26 132 1329
97 27 134 1771
97 28 146 1574
97 29 132 2328
97 30 140 1654
97 31 138 1545
98 00 152 1494
98 01 153 1308
98 02 157 1822
98 03 182 1686
98 04 166 1591
98 05 160 1745
98 06 165 1407
98 07 147 1499
98 08 149 1608
98 09 141 1579
98 10 147 1277
98 11 151 1606
98 12 148 1757
98 13 143 1614
98 14 148 1757
98 15 157 1896
98 16 145 2167
98 17 140 1654
98 18 137 1731
98 19 157 1378
98 20 150 2051
98 21 139 1581
98 22 143 2169
98 23 132 1773
98 24 137 1546
98 25 153 1641
98 26 134 1919
98 27 146 1944
98 28 140 1765
98 29 132 1662
98 30 143 1651
98 31 141 1431
99 00 125 1262
99 01 125 1928
99 02 120 1711
99 03 125 1780
99 04 129 1739
99 05 140 1950
99 06 139 1433
99 07 141 1616
99 08 132 1699
99 09 131 2070
99 10 129 1628
99 11 141 1949
99 12 116 1678
99 13 121 2117
99 14 127 1408
99 15 131 1774
99 16 118 1343
99 17 141 1764
99 18 136 1325
99 19 124 1633
99 20 116 1900
99 21 140 1765
99 22 136 2139
99 23 121 1377
99 24 109 2203
99 25 127 1260
99 26 130 1553
99 27 133 1365
99 28 116 2603
99 29 109 1981
99 30 129 1591
99 31 131 1626
100 00 107 1132
100 01 135 1659
100 02 133 1661
100 03 127 1630
100 04 127 1593
100 05 131 1848
100 06 131 1737
100 07 137 1509
100 08 115 1790
100 09 131 1626
100 10 131 1515
100 11 127 1741
100 12 132 1588
100 13 107 1613
100 14 113 1496
100 15 131 1589
100 16 122 1376
100 17 127 1297
100 18 134 2030
100 19 115 1494
100 20 117 1455
100 21 116 1641
100 22 112 1830
100 23 114 1754
100 24 126 1853
100 25 111 1683
100 26 116 1826
100 27 127 1963
100 28 118 1380
100 29 133 1476
100 30 116 1345
100 31 113 1644
101 00 106 1947
101 01 116 1715
101 02 117 2269
101 03 113 2088
101 04 120 1711
101 05 128 1999
101 06 124 2299
101 07 100 1324
101 08 114 1976
101 09 109 1611
101 10 121 1710
101 11 108 1427
101 12 106 1762
101 13 110 1943
101 14 109 1907
101 15 107 1946
101 16 108 1982
101 17 100 1213
101 18 115 1790
101 19 113 1533
101 20 109 2203
101 21 102 1729
101 22 115 1679
101 23 102 2210
101 24 109 1685
101 25 109 2166
101 26 109 1796
101 27 120 1711
101 28 109 1796
101 29 109 1611
101 30 100 1805
101 31 100 1583
102 00 115 1901
102 01 106 1577
102 02 117 1788
102 03 111 1720
102 04 106 1688
102 05 99 1658
102 06 140 1765
102 07 117 1677
102 08 111 1757
102 09 119 2008
102 10 99 1695
102 11 105 1689
102 12 101 1582
102 13 108 1353
102 14 119 1675
102 15 111 1461
102 16 99 1325
102 17 111 1572
102 18 93 1886
102 19 102 1840
102 20 101 1619
102 21 103 1506
102 22 101 1508
102 23 92 2035
102 24 101 1656
102 25 103 1802
102 26 106 1577
102 27 101 2433
102 28 105 1171
102 29 101 1175
102 30 100 1583
102 31 111 2053
103 00 167 1627
103 01 175 1730
103 02 192 2194
103 03 181 1539
103 04 181 1835
103 05 175 1841
103 06 182 1686
103 07 163 1927
103 08 165 1555
103 09 157 1859
103 10 175 2026
103 11 175 1952
103 12 175 1730
103 13 163 1594
103 14 167 1997
103 15 165 1629
103 16 172 1289
103 17 156 1823
103 18 181 1687
103 19 167 1331
103 20 181 1650
103 21 181 1650
103 22 181 1428
103 23 163 1668
103 24 165 1666
103 25 163 1816
103 26 175 1804
103 27 169 1810
103 28 172 2436
103 29 170 2105
103 30 175 1767
103 31 174 1435
104 00 127 1630
104 01 135 1770
104 02 145 1908
104 03 150 1718
104 04 130 1775
104 05 143 2058
104 06 145 1797
104 07 147 1499
104 08 145 1686
104 09 137 1583
104 10 151 2272
104 11 145 1390
104 12 140 1506
104 13 149 1904
104 14 130 1553
104 15 139 1803
104 16 150 1681
104 17 133 1661
104 18 134 1475
104 19 133 1735
104 20 140 1765
104 21 122 1635
104 22 135 1733
104 23 141 1949
104 24 110 2017
104 25 110 1610
104 26 110 1906
104 27 121 1636
104 28 151 1717
104 29 135 1659
104 30 123 1967
104 31 128 1666
