09500 331.000000 1046.250000 4.050000 1 0 0
09501 331.000000 1046.250000 9.900000 1 0 0
09502 331.000000 1046.250000 10.000000 1 0 0
09503 331.000000 1046.250000 15.850000 1 0 0
09504 331.000000 1046.250000 15.950000 1 0 0
09505 331.000000 1046.250000 21.800000 1 0 0
09506 331.000000 1046.250000 21.900000 1 0 0
09507 331.000000 1046.250000 27.750001 1 0 0
09508 331.000000 1046.250000 27.850001 1 0 0
09509 331.000000 1046.250000 33.700000 1 0 0
09510 331.000000 1046.250000 33.800000 1 0 0
09511 331.000000 1046.250000 39.650001 1 0 0
09512 331.000000 1046.250000 39.750001 1 0 0
09513 331.000000 1046.250000 45.600002 1 0 0
09514 331.000000 1046.250000 45.700002 1 0 0
09515 331.000000 1046.250000 51.550002 1 0 0
09516 331.000000 1046.250000 51.650002 1 0 0
09517 331.000000 1046.250000 57.500003 1 0 0
09518 331.000000 1046.250000 57.600003 1 0 0
09519 331.000000 1046.250000 63.450004 1 0 0
09520 331.000000 1046.250000 63.550004 1 0 0
09521 331.000000 1046.250000 69.400005 1 0 0
09522 331.000000 1046.250000 69.500005 1 0 0
09523 331.000000 1046.250000 75.350002 1 0 0
09524 331.000000 1046.250000 75.450002 1 0 0
09525 331.000000 1046.250000 81.299998 1 0 0
09526 331.000000 1046.250000 81.399998 1 0 0
09527 331.000000 1046.250000 87.249995 1 0 0
09528 331.000000 1046.250000 87.349995 1 0 0
09529 331.000000 1046.250000 93.199992 1 0 0
09530 331.000000 1046.250000 93.299992 1 0 0
09531 331.000000 1046.250000 99.149989 1 0 0
09400 331.000000 1046.250000 99.259991 1 0 0
09401 331.000000 1046.250000 105.109988 1 0 0
09402 331.000000 1046.250000 105.209988 1 0 0
09403 331.000000 1046.250000 111.059985 1 0 0
09404 331.000000 1046.250000 111.159985 1 0 0
09405 331.000000 1046.250000 117.009982 1 0 0
09406 331.000000 1046.250000 117.109982 1 0 0
09407 331.000000 1046.250000 122.959979 1 0 0
09408 331.000000 1046.250000 123.059979 1 0 0
09409 331.000000 1046.250000 128.909976 1 0 0
09410 331.000000 1046.250000 129.009976 1 0 0
09411 331.000000 1046.250000 134.859973 1 0 0
09412 331.000000 1046.250000 134.959973 1 0 0
09413 331.000000 1046.250000 140.809970 1 0 0
09414 331.000000 1046.250000 140.909970 1 0 0
09415 331.000000 1046.250000 146.759967 1 0 0
09416 331.000000 1046.250000 146.859967 1 0 0
09417 331.000000 1046.250000 152.709964 1 0 0
09418 331.000000 1046.250000 152.809964 1 0 0
09419 331.000000 1046.250000 158.659961 1 0 0
09420 331.000000 1046.250000 158.759961 1 0 0
09421 331.000000 1046.250000 164.609958 1 0 0
09422 331.000000 1046.250000 164.709958 1 0 0
09423 331.000000 1046.250000 170.559955 1 0 0
09424 331.000000 1046.250000 170.659955 1 0 0
09425 331.000000 1046.250000 176.509952 1 0 0
09426 331.000000 1046.250000 176.609952 1 0 0
09427 331.000000 1046.250000 182.459949 1 0 0
09428 331.000000 1046.250000 182.559949 1 0 0
09429 331.000000 1046.250000 188.409946 1 0 0
09430 331.000000 1046.250000 188.509946 1 0 0
09431 331.000000 1046.250000 194.359943 1 0 0
09300 331.000000 1046.250000 194.469937 1 0 0
09301 331.000000 1046.250000 200.319934 1 0 0
09302 331.000000 1046.250000 200.419934 1 0 0
09303 331.000000 1046.250000 206.269931 1 0 0
09304 331.000000 1046.250000 206.369931 1 0 0
09305 331.000000 1046.250000 212.219928 1 0 0
09306 331.000000 1046.250000 212.319928 1 0 0
09307 331.000000 1046.250000 218.169925 1 0 0
09308 331.000000 1046.250000 218.269925 1 0 0
09309 331.000000 1046.250000 224.119922 1 0 0
09310 331.000000 1046.250000 224.219922 1 0 0
09311 331.000000 1046.250000 230.069919 1 0 0
09312 331.000000 1046.250000 230.169919 1 0 0
09313 331.000000 1046.250000 236.019916 1 0 0
09314 331.000000 1046.250000 236.119916 1 0 0
09315 331.000000 1046.250000 241.969913 1 0 0
09316 331.000000 1046.250000 242.069913 1 0 0
09317 331.000000 1046.250000 247.919910 1 0 0
09318 331.000000 1046.250000 248.019910 1 0 0
09319 331.000000 1046.250000 253.869907 1 0 0
09320 331.000000 1046.250000 253.969907 1 0 0
09321 331.000000 1046.250000 259.819904 1 0 0
09322 331.000000 1046.250000 259.919904 1 0 0
09323 331.000000 1046.250000 265.769916 1 0 0
09324 331.000000 1046.250000 265.869916 1 0 0
09325 331.000000 1046.250000 271.719928 1 0 0
09326 331.000000 1046.250000 271.819928 1 0 0
09327 331.000000 1046.250000 277.669940 1 0 0
09328 331.000000 1046.250000 277.769940 1 0 0
09329 331.000000 1046.250000 283.619952 1 0 0
09330 331.000000 1046.250000 283.719952 1 0 0
09331 331.000000 1046.250000 289.569965 1 0 0
07900 331.050000 1046.250000 289.629974 1 0 0
07901 336.900012 1046.250000 289.629974 1 0 0
07902 337.000012 1046.250000 289.629974 1 0 0
07903 342.850024 1046.250000 289.629974 1 0 0
07904 342.950024 1046.250000 289.629974 1 0 0
07905 348.800037 1046.250000 289.629974 1 0 0
07906 348.900037 1046.250000 289.629974 1 0 0
07907 354.750049 1046.250000 289.629974 1 0 0
07908 354.850049 1046.250000 289.629974 1 0 0
07909 360.700061 1046.250000 289.629974 1 0 0
07910 360.800061 1046.250000 289.629974 1 0 0
07911 366.650073 1046.250000 289.629974 1 0 0
07912 366.750073 1046.250000 289.629974 1 0 0
07913 372.600085 1046.250000 289.629974 1 0 0
07914 372.700085 1046.250000 289.629974 1 0 0
07915 378.550098 1046.250000 289.629974 1 0 0
07916 378.650098 1046.250000 289.629974 1 0 0
07917 384.500110 1046.250000 289.629974 1 0 0
07918 384.600110 1046.250000 289.629974 1 0 0
07919 390.450122 1046.250000 289.629974 1 0 0
07920 390.550122 1046.250000 289.629974 1 0 0
07921 396.400134 1046.250000 289.629974 1 0 0
07922 396.500134 1046.250000 289.629974 1 0 0
07923 402.350146 1046.250000 289.629974 1 0 0
07924 402.450146 1046.250000 289.629974 1 0 0
07925 408.300159 1046.250000 289.629974 1 0 0
07926 408.400159 1046.250000 289.629974 1 0 0
07927 414.250171 1046.250000 289.629974 1 0 0
07928 414.350171 1046.250000 289.629974 1 0 0
07929 420.200183 1046.250000 289.629974 1 0 0
07930 420.300183 1046.250000 289.629974 1 0 0
07931 426.150195 1046.250000 289.629974 1 0 0
08100 426.260205 1046.250000 289.629974 1 0 0
08101 432.110217 1046.250000 289.629974 1 0 0
08102 432.210217 1046.250000 289.629974 1 0 0
08103 438.060229 1046.250000 289.629974 1 0 0
08104 438.160229 1046.250000 289.629974 1 0 0
08105 444.010242 1046.250000 289.629974 1 0 0
08106 444.110242 1046.250000 289.629974 1 0 0
08107 449.960254 1046.250000 289.629974 1 0 0
08108 450.060254 1046.250000 289.629974 1 0 0
08109 455.910266 1046.250000 289.629974 1 0 0
08110 456.010266 1046.250000 289.629974 1 0 0
08111 461.860278 1046.250000 289.629974 1 0 0
08112 461.960278 1046.250000 289.629974 1 0 0
08113 467.810291 1046.250000 289.629974 1 0 0
08114 467.910291 1046.250000 289.629974 1 0 0
08115 473.760303 1046.250000 289.629974 1 0 0
08116 473.860303 1046.250000 289.629974 1 0 0
08117 479.710315 1046.250000 289.629974 1 0 0
08118 479.810315 1046.250000 289.629974 1 0 0
08119 485.660327 1046.250000 289.629974 1 0 0
08120 485.760327 1046.250000 289.629974 1 0 0
08121 491.610339 1046.250000 289.629974 1 0 0
08122 491.710339 1046.250000 289.629974 1 0 0
08123 497.560352 1046.250000 289.629974 1 0 0
08124 497.660352 1046.250000 289.629974 1 0 0
08125 503.510364 1046.250000 289.629974 1 0 0
08126 503.610364 1046.250000 289.629974 1 0 0
08127 509.460376 1046.250000 289.629974 1 0 0
08128 509.560376 1046.250000 289.629974 1 0 0
08129 515.410388 1046.250000 289.629974 1 0 0
08130 515.510388 1046.250000 289.629974 1 0 0
08131 521.360400 1046.250000 289.629974 1 0 0
08000 521.470410 1046.250000 289.629974 1 0 0
08001 527.320422 1046.250000 289.629974 1 0 0
08002 527.420422 1046.250000 289.629974 1 0 0
08003 533.270435 1046.250000 289.629974 1 0 0
08004 533.370435 1046.250000 289.629974 1 0 0
08005 539.220447 1046.250000 289.629974 1 0 0
08006 539.320447 1046.250000 289.629974 1 0 0
08007 545.170459 1046.250000 289.629974 1 0 0
08008 545.270459 1046.250000 289.629974 1 0 0
08009 551.120471 1046.250000 289.629974 1 0 0
08010 551.220471 1046.250000 289.629974 1 0 0
08011 557.070483 1046.250000 289.629974 1 0 0
08012 557.170483 1046.250000 289.629974 1 0 0
08013 563.020496 1046.250000 289.629974 1 0 0
08014 563.120496 1046.250000 289.629974 1 0 0
08015 568.970508 1046.250000 289.629974 1 0 0
08016 569.070508 1046.250000 289.629974 1 0 0
08017 574.920520 1046.250000 289.629974 1 0 0
08018 575.020520 1046.250000 289.629974 1 0 0
08019 580.870532 1046.250000 289.629974 1 0 0
08020 580.970532 1046.250000 289.629974 1 0 0
08021 586.820544 1046.250000 289.629974 1 0 0
08022 586.920544 1046.250000 289.629974 1 0 0
08023 592.770557 1046.250000 289.629974 1 0 0
08024 592.870557 1046.250000 289.629974 1 0 0
08025 598.720569 1046.250000 289.629974 1 0 0
08026 598.820569 1046.250000 289.629974 1 0 0
08027 604.670581 1046.250000 289.629974 1 0 0
08028 604.770581 1046.250000 289.629974 1 0 0
08029 610.620593 1046.250000 289.629974 1 0 0
08030 610.720593 1046.250000 289.629974 1 0 0
08031 616.570605 1046.250000 289.629974 1 0 0
10400 282.000000 100.000000 4.050000 0 0 0
10401 282.000000 100.000000 9.900000 0 0 0
10402 282.000000 100.000000 10.000000 0 0 0
10403 282.000000 100.000000 15.850000 0 0 0
10404 282.000000 100.000000 15.950000 0 0 0
10405 282.000000 100.000000 21.800000 0 0 0
10406 282.000000 100.000000 21.900000 0 0 0
10407 282.000000 100.000000 27.750001 0 0 0
10408 282.000000 100.000000 27.850001 0 0 0
10409 282.000000 100.000000 33.700000 0 0 0
10410 282.000000 100.000000 33.800000 0 0 0
10411 282.000000 100.000000 39.650001 0 0 0
10412 282.000000 100.000000 39.750001 0 0 0
10413 282.000000 100.000000 45.600002 0 0 0
10414 282.000000 100.000000 45.700002 0 0 0
10415 282.000000 100.000000 51.550002 0 0 0
10416 282.000000 100.000000 51.650002 0 0 0
10417 282.000000 100.000000 57.500003 0 0 0
10418 282.000000 100.000000 57.600003 0 0 0
10419 282.000000 100.000000 63.450004 0 0 0
10420 282.000000 100.000000 63.550004 0 0 0
10421 282.000000 100.000000 69.400005 0 0 0
10422 282.000000 100.000000 69.500005 0 0 0
10423 282.000000 100.000000 75.350002 0 0 0
10424 282.000000 100.000000 75.450002 0 0 0
10425 282.000000 100.000000 81.299998 0 0 0
10426 282.000000 100.000000 81.399998 0 0 0
10427 282.000000 100.000000 87.249995 0 0 0
10428 282.000000 100.000000 87.349995 0 0 0
10429 282.000000 100.000000 93.199992 0 0 0
10430 282.000000 100.000000 93.299992 0 0 0
10431 282.000000 100.000000 99.149989 0 0 0
10300 282.000000 100.000000 99.259991 0 0 0
10301 282.000000 100.000000 105.109988 0 0 0
10302 282.000000 100.000000 105.209988 0 0 0
10303 282.000000 100.000000 111.059985 0 0 0
10304 282.000000 100.000000 111.159985 0 0 0
10305 282.000000 100.000000 117.009982 0 0 0
10306 282.000000 100.000000 117.109982 0 0 0
10307 282.000000 100.000000 122.959979 0 0 0
10308 282.000000 100.000000 123.059979 0 0 0
10309 282.000000 100.000000 128.909976 0 0 0
10310 282.000000 100.000000 129.009976 0 0 0
10311 282.000000 100.000000 134.859973 0 0 0
10312 282.000000 100.000000 134.959973 0 0 0
10313 282.000000 100.000000 140.809970 0 0 0
10314 282.000000 100.000000 140.909970 0 0 0
10315 282.000000 100.000000 146.759967 0 0 0
10316 282.000000 100.000000 146.859967 0 0 0
10317 282.000000 100.000000 152.709964 0 0 0
10318 282.000000 100.000000 152.809964 0 0 0
10319 282.000000 100.000000 158.659961 0 0 0
10320 282.000000 100.000000 158.759961 0 0 0
10321 282.000000 100.000000 164.609958 0 0 0
10322 282.000000 100.000000 164.709958 0 0 0
10323 282.000000 100.000000 170.559955 0 0 0
10324 282.000000 100.000000 170.659955 0 0 0
10325 282.000000 100.000000 176.509952 0 0 0
10326 282.000000 100.000000 176.609952 0 0 0
10327 282.000000 100.000000 182.459949 0 0 0
10328 282.000000 100.000000 182.559949 0 0 0
10329 282.000000 100.000000 188.409946 0 0 0
10330 282.000000 100.000000 188.509946 0 0 0
10331 282.000000 100.000000 194.359943 0 0 0
10200 282.000000 100.000000 194.469937 0 0 0
10201 282.000000 100.000000 200.319934 0 0 0
10202 282.000000 100.000000 200.419934 0 0 0
10203 282.000000 100.000000 206.269931 0 0 0
10204 282.000000 100.000000 206.369931 0 0 0
10205 282.000000 100.000000 212.219928 0 0 0
10206 282.000000 100.000000 212.319928 0 0 0
10207 282.000000 100.000000 218.169925 0 0 0
10208 282.000000 100.000000 218.269925 0 0 0
10209 282.000000 100.000000 224.119922 0 0 0
10210 282.000000 100.000000 224.219922 0 0 0
10211 282.000000 100.000000 230.069919 0 0 0
10212 282.000000 100.000000 230.169919 0 0 0
10213 282.000000 100.000000 236.019916 0 0 0
10214 282.000000 100.000000 236.119916 0 0 0
10215 282.000000 100.000000 241.969913 0 0 0
10216 282.000000 100.000000 242.069913 0 0 0
10217 282.000000 100.000000 247.919910 0 0 0
10218 282.000000 100.000000 248.019910 0 0 0
10219 282.000000 100.000000 253.869907 0 0 0
10220 282.000000 100.000000 253.969907 0 0 0
10221 282.000000 100.000000 259.819904 0 0 0
10222 282.000000 100.000000 259.919904 0 0 0
10223 282.000000 100.000000 265.769916 0 0 0
10224 282.000000 100.000000 265.869916 0 0 0
10225 282.000000 100.000000 271.719928 0 0 0
10226 282.000000 100.000000 271.819928 0 0 0
10227 282.000000 100.000000 277.669940 0 0 0
10228 282.000000 100.000000 277.769940 0 0 0
10229 282.000000 100.000000 283.619952 0 0 0
10230 282.000000 100.000000 283.719952 0 0 0
10231 282.000000 100.000000 289.569965 0 0 0
09100 10.050000 100.000000 276.000000 0 0 0
09101 15.900000 100.000000 276.000000 0 0 0
09102 16.000000 100.000000 276.000000 0 0 0
09103 21.850000 100.000000 276.000000 0 0 0
09104 21.950000 100.000000 276.000000 0 0 0
09105 27.800000 100.000000 276.000000 0 0 0
09106 27.900000 100.000000 276.000000 0 0 0
09107 33.749999 100.000000 276.000000 0 0 0
09108 33.849999 100.000000 276.000000 0 0 0
09109 39.700000 100.000000 276.000000 0 0 0
09110 39.800000 100.000000 276.000000 0 0 0
09111 45.650001 100.000000 276.000000 0 0 0
09112 45.750001 100.000000 276.000000 0 0 0
09113 51.600002 100.000000 276.000000 0 0 0
09114 51.700002 100.000000 276.000000 0 0 0
09115 57.550002 100.000000 276.000000 0 0 0
09116 57.650002 100.000000 276.000000 0 0 0
09117 63.500003 100.000000 276.000000 0 0 0
09118 63.600003 100.000000 276.000000 0 0 0
09119 69.450000 100.000000 276.000000 0 0 0
09120 69.550000 100.000000 276.000000 0 0 0
09121 75.399997 100.000000 276.000000 0 0 0
09122 75.499997 100.000000 276.000000 0 0 0
09123 81.349994 100.000000 276.000000 0 0 0
09124 81.449994 100.000000 276.000000 0 0 0
09125 87.299991 100.000000 276.000000 0 0 0
09126 87.399991 100.000000 276.000000 0 0 0
09127 93.249988 100.000000 276.000000 0 0 0
09128 93.349988 100.000000 276.000000 0 0 0
09129 99.199985 100.000000 276.000000 0 0 0
09130 99.299985 100.000000 276.000000 0 0 0
09131 105.149982 100.000000 276.000000 0 0 0
09000 105.259984 100.000000 276.000000 0 0 0
09001 111.109981 100.000000 276.000000 0 0 0
09002 111.209981 100.000000 276.000000 0 0 0
09003 117.059978 100.000000 276.000000 0 0 0
09004 117.159978 100.000000 276.000000 0 0 0
09005 123.009975 100.000000 276.000000 0 0 0
09006 123.109975 100.000000 276.000000 0 0 0
09007 128.959979 100.000000 276.000000 0 0 0
09008 129.059979 100.000000 276.000000 0 0 0
09009 134.909976 100.000000 276.000000 0 0 0
09010 135.009976 100.000000 276.000000 0 0 0
09011 140.859973 100.000000 276.000000 0 0 0
09012 140.959973 100.000000 276.000000 0 0 0
09013 146.809970 100.000000 276.000000 0 0 0
09014 146.909970 100.000000 276.000000 0 0 0
09015 152.759967 100.000000 276.000000 0 0 0
09016 152.859967 100.000000 276.000000 0 0 0
09017 158.709964 100.000000 276.000000 0 0 0
09018 158.809964 100.000000 276.000000 0 0 0
09019 164.659961 100.000000 276.000000 0 0 0
09020 164.759961 100.000000 276.000000 0 0 0
09021 170.609958 100.000000 276.000000 0 0 0
09022 170.709958 100.000000 276.000000 0 0 0
09023 176.559955 100.000000 276.000000 0 0 0
09024 176.659955 100.000000 276.000000 0 0 0
09025 182.509952 100.000000 276.000000 0 0 0
09026 182.609952 100.000000 276.000000 0 0 0
09027 188.459949 100.000000 276.000000 0 0 0
09028 188.559949 100.000000 276.000000 0 0 0
09029 194.409946 100.000000 276.000000 0 0 0
09030 194.509946 100.000000 276.000000 0 0 0
09031 200.359943 100.000000 276.000000 0 0 0
08900 200.469937 100.000000 276.000000 0 0 0
08901 206.319934 100.000000 276.000000 0 0 0
08902 206.419934 100.000000 276.000000 0 0 0
08903 212.269931 100.000000 276.000000 0 0 0
08904 212.369931 100.000000 276.000000 0 0 0
08905 218.219928 100.000000 276.000000 0 0 0
08906 218.319928 100.000000 276.000000 0 0 0
08907 224.169925 100.000000 276.000000 0 0 0
08908 224.269925 100.000000 276.000000 0 0 0
08909 230.119922 100.000000 276.000000 0 0 0
08910 230.219922 100.000000 276.000000 0 0 0
08911 236.069919 100.000000 276.000000 0 0 0
08912 236.169919 100.000000 276.000000 0 0 0
08913 242.019916 100.000000 276.000000 0 0 0
08914 242.119916 100.000000 276.000000 0 0 0
08915 247.969913 100.000000 276.000000 0 0 0
08916 248.069913 100.000000 276.000000 0 0 0
08917 253.919910 100.000000 276.000000 0 0 0
08918 254.019910 100.000000 276.000000 0 0 0
08919 259.869922 100.000000 276.000000 0 0 0
08920 259.969922 100.000000 276.000000 0 0 0
08921 265.819934 100.000000 276.000000 0 0 0
08922 265.919934 100.000000 276.000000 0 0 0
08923 271.769946 100.000000 276.000000 0 0 0
08924 271.869946 100.000000 276.000000 0 0 0
08925 277.719958 100.000000 276.000000 0 0 0
08926 277.819958 100.000000 276.000000 0 0 0
08927 283.669971 100.000000 276.000000 0 0 0
08928 283.769971 100.000000 276.000000 0 0 0
08929 289.619983 100.000000 276.000000 0 0 0
08930 289.719983 100.000000 276.000000 0 0 0
08931 295.569995 100.000000 276.000000 0 0 0
10100 567.630005 100.000000 4.050000 0 0 0
10101 567.630005 100.000000 9.900000 0 0 0
10102 567.630005 100.000000 10.000000 0 0 0
10103 567.630005 100.000000 15.850000 0 0 0
10104 567.630005 100.000000 15.950000 0 0 0
10105 567.630005 100.000000 21.800000 0 0 0
10106 567.630005 100.000000 21.900000 0 0 0
10107 567.630005 100.000000 27.750001 0 0 0
10108 567.630005 100.000000 27.850001 0 0 0
10109 567.630005 100.000000 33.700000 0 0 0
10110 567.630005 100.000000 33.800000 0 0 0
10111 567.630005 100.000000 39.650001 0 0 0
10112 567.630005 100.000000 39.750001 0 0 0
10113 567.630005 100.000000 45.600002 0 0 0
10114 567.630005 100.000000 45.700002 0 0 0
10115 567.630005 100.000000 51.550002 0 0 0
10116 567.630005 100.000000 51.650002 0 0 0
10117 567.630005 100.000000 57.500003 0 0 0
10118 567.630005 100.000000 57.600003 0 0 0
10119 567.630005 100.000000 63.450004 0 0 0
10120 567.630005 100.000000 63.550004 0 0 0
10121 567.630005 100.000000 69.400005 0 0 0
10122 567.630005 100.000000 69.500005 0 0 0
10123 567.630005 100.000000 75.350002 0 0 0
10124 567.630005 100.000000 75.450002 0 0 0
10125 567.630005 100.000000 81.299998 0 0 0
10126 567.630005 100.000000 81.399998 0 0 0
10127 567.630005 100.000000 87.249995 0 0 0
10128 567.630005 100.000000 87.349995 0 0 0
10129 567.630005 100.000000 93.199992 0 0 0
10130 567.630005 100.000000 93.299992 0 0 0
10131 567.630005 100.000000 99.149989 0 0 0
10000 567.630005 100.000000 99.259991 0 0 0
10001 567.630005 100.000000 105.109988 0 0 0
10002 567.630005 100.000000 105.209988 0 0 0
10003 567.630005 100.000000 111.059985 0 0 0
10004 567.630005 100.000000 111.159985 0 0 0
10005 567.630005 100.000000 117.009982 0 0 0
10006 567.630005 100.000000 117.109982 0 0 0
10007 567.630005 100.000000 122.959979 0 0 0
10008 567.630005 100.000000 123.059979 0 0 0
10009 567.630005 100.000000 128.909976 0 0 0
10010 567.630005 100.000000 129.009976 0 0 0
10011 567.630005 100.000000 134.859973 0 0 0
10012 567.630005 100.000000 134.959973 0 0 0
10013 567.630005 100.000000 140.809970 0 0 0
10014 567.630005 100.000000 140.909970 0 0 0
10015 567.630005 100.000000 146.759967 0 0 0
10016 567.630005 100.000000 146.859967 0 0 0
10017 567.630005 100.000000 152.709964 0 0 0
10018 567.630005 100.000000 152.809964 0 0 0
10019 567.630005 100.000000 158.659961 0 0 0
10020 567.630005 100.000000 158.759961 0 0 0
10021 567.630005 100.000000 164.609958 0 0 0
10022 567.630005 100.000000 164.709958 0 0 0
10023 567.630005 100.000000 170.559955 0 0 0
10024 567.630005 100.000000 170.659955 0 0 0
10025 567.630005 100.000000 176.509952 0 0 0
10026 567.630005 100.000000 176.609952 0 0 0
10027 567.630005 100.000000 182.459949 0 0 0
10028 567.630005 100.000000 182.559949 0 0 0
10029 567.630005 100.000000 188.409946 0 0 0
10030 567.630005 100.000000 188.509946 0 0 0
10031 567.630005 100.000000 194.359943 0 0 0
09900 567.630005 100.000000 194.469937 0 0 0
09901 567.630005 100.000000 200.319934 0 0 0
09902 567.630005 100.000000 200.419934 0 0 0
09903 567.630005 100.000000 206.269931 0 0 0
09904 567.630005 100.000000 206.369931 0 0 0
09905 567.630005 100.000000 212.219928 0 0 0
09906 567.630005 100.000000 212.319928 0 0 0
09907 567.630005 100.000000 218.169925 0 0 0
09908 567.630005 100.000000 218.269925 0 0 0
09909 567.630005 100.000000 224.119922 0 0 0
09910 567.630005 100.000000 224.219922 0 0 0
09911 567.630005 100.000000 230.069919 0 0 0
09912 567.630005 100.000000 230.169919 0 0 0
09913 567.630005 100.000000 236.019916 0 0 0
09914 567.630005 100.000000 236.119916 0 0 0
09915 567.630005 100.000000 241.969913 0 0 0
09916 567.630005 100.000000 242.069913 0 0 0
09917 567.630005 100.000000 247.919910 0 0 0
09918 567.630005 100.000000 248.019910 0 0 0
09919 567.630005 100.000000 253.869907 0 0 0
09920 567.630005 100.000000 253.969907 0 0 0
09921 567.630005 100.000000 259.819904 0 0 0
09922 567.630005 100.000000 259.919904 0 0 0
09923 567.630005 100.000000 265.769916 0 0 0
09924 567.630005 100.000000 265.869916 0 0 0
09925 567.630005 100.000000 271.719928 0 0 0
09926 567.630005 100.000000 271.819928 0 0 0
09927 567.630005 100.000000 277.669940 0 0 0
09928 567.630005 100.000000 277.769940 0 0 0
09929 567.630005 100.000000 283.619952 0 0 0
09930 567.630005 100.000000 283.719952 0 0 0
09931 567.630005 100.000000 289.569965 0 0 0
08800 295.680005 100.000000 276.000000 0 0 0
08801 301.530017 100.000000 276.000000 0 0 0
08802 301.630017 100.000000 276.000000 0 0 0
08803 307.480029 100.000000 276.000000 0 0 0
08804 307.580029 100.000000 276.000000 0 0 0
08805 313.430042 100.000000 276.000000 0 0 0
08806 313.530042 100.000000 276.000000 0 0 0
08807 319.380054 100.000000 276.000000 0 0 0
08808 319.480054 100.000000 276.000000 0 0 0
08809 325.330066 100.000000 276.000000 0 0 0
08810 325.430066 100.000000 276.000000 0 0 0
08811 331.280078 100.000000 276.000000 0 0 0
08812 331.380078 100.000000 276.000000 0 0 0
08813 337.230090 100.000000 276.000000 0 0 0
08814 337.330090 100.000000 276.000000 0 0 0
08815 343.180103 100.000000 276.000000 0 0 0
08816 343.280103 100.000000 276.000000 0 0 0
08817 349.130115 100.000000 276.000000 0 0 0
08818 349.230115 100.000000 276.000000 0 0 0
08819 355.080127 100.000000 276.000000 0 0 0
08820 355.180127 100.000000 276.000000 0 0 0
08821 361.030139 100.000000 276.000000 0 0 0
08822 361.130139 100.000000 276.000000 0 0 0
08823 366.980151 100.000000 276.000000 0 0 0
08824 367.080151 100.000000 276.000000 0 0 0
08825 372.930164 100.000000 276.000000 0 0 0
08826 373.030164 100.000000 276.000000 0 0 0
08827 378.880176 100.000000 276.000000 0 0 0
08828 378.980176 100.000000 276.000000 0 0 0
08829 384.830188 100.000000 276.000000 0 0 0
08830 384.930188 100.000000 276.000000 0 0 0
08831 390.780200 100.000000 276.000000 0 0 0
08700 390.890210 100.000000 276.000000 0 0 0
08701 396.740222 100.000000 276.000000 0 0 0
08702 396.840222 100.000000 276.000000 0 0 0
08703 402.690234 100.000000 276.000000 0 0 0
08704 402.790234 100.000000 276.000000 0 0 0
08705 408.640247 100.000000 276.000000 0 0 0
08706 408.740247 100.000000 276.000000 0 0 0
08707 414.590259 100.000000 276.000000 0 0 0
08708 414.690259 100.000000 276.000000 0 0 0
08709 420.540271 100.000000 276.000000 0 0 0
08710 420.640271 100.000000 276.000000 0 0 0
08711 426.490283 100.000000 276.000000 0 0 0
08712 426.590283 100.000000 276.000000 0 0 0
08713 432.440295 100.000000 276.000000 0 0 0
08714 432.540295 100.000000 276.000000 0 0 0
08715 438.390308 100.000000 276.000000 0 0 0
08716 438.490308 100.000000 276.000000 0 0 0
08717 444.340320 100.000000 276.000000 0 0 0
08718 444.440320 100.000000 276.000000 0 0 0
08719 450.290332 100.000000 276.000000 0 0 0
08720 450.390332 100.000000 276.000000 0 0 0
08721 456.240344 100.000000 276.000000 0 0 0
08722 456.340344 100.000000 276.000000 0 0 0
08723 462.190356 100.000000 276.000000 0 0 0
08724 462.290356 100.000000 276.000000 0 0 0
08725 468.140369 100.000000 276.000000 0 0 0
08726 468.240369 100.000000 276.000000 0 0 0
08727 474.090381 100.000000 276.000000 0 0 0
08728 474.190381 100.000000 276.000000 0 0 0
08729 480.040393 100.000000 276.000000 0 0 0
08730 480.140393 100.000000 276.000000 0 0 0
08731 485.990405 100.000000 276.000000 0 0 0
08600 486.100415 100.000000 276.000000 0 0 0
08601 491.950427 100.000000 276.000000 0 0 0
08602 492.050427 100.000000 276.000000 0 0 0
08603 497.900439 100.000000 276.000000 0 0 0
08604 498.000439 100.000000 276.000000 0 0 0
08605 503.850452 100.000000 276.000000 0 0 0
08606 503.950452 100.000000 276.000000 0 0 0
08607 509.800464 100.000000 276.000000 0 0 0
08608 509.900464 100.000000 276.000000 0 0 0
08609 515.750476 100.000000 276.000000 0 0 0
08610 515.850476 100.000000 276.000000 0 0 0
08611 521.700488 100.000000 276.000000 0 0 0
08612 521.800488 100.000000 276.000000 0 0 0
08613 527.650500 100.000000 276.000000 0 0 0
08614 527.750500 100.000000 276.000000 0 0 0
08615 533.600513 100.000000 276.000000 0 0 0
08616 533.700513 100.000000 276.000000 0 0 0
08617 539.550525 100.000000 276.000000 0 0 0
08618 539.650525 100.000000 276.000000 0 0 0
08619 545.500537 100.000000 276.000000 0 0 0
08620 545.600537 100.000000 276.000000 0 0 0
08621 551.450549 100.000000 276.000000 0 0 0
08622 551.550549 100.000000 276.000000 0 0 0
08623 557.400562 100.000000 276.000000 0 0 0
08624 557.500562 100.000000 276.000000 0 0 0
08625 563.350574 100.000000 276.000000 0 0 0
08626 563.450574 100.000000 276.000000 0 0 0
08627 569.300586 100.000000 276.000000 0 0 0
08628 569.400586 100.000000 276.000000 0 0 0
08629 575.250598 100.000000 276.000000 0 0 0
08630 575.350598 100.000000 276.000000 0 0 0
08631 581.200610 100.000000 276.000000 0 0 0
09800 853.260620 100.000000 4.050000 0 0 0
09801 853.260620 100.000000 9.900000 0 0 0
09802 853.260620 100.000000 10.000000 0 0 0
09803 853.260620 100.000000 15.850000 0 0 0
09804 853.260620 100.000000 15.950000 0 0 0
09805 853.260620 100.000000 21.800000 0 0 0
09806 853.260620 100.000000 21.900000 0 0 0
09807 853.260620 100.000000 27.750001 0 0 0
09808 853.260620 100.000000 27.850001 0 0 0
09809 853.260620 100.000000 33.700000 0 0 0
09810 853.260620 100.000000 33.800000 0 0 0
09811 853.260620 100.000000 39.650001 0 0 0
09812 853.260620 100.000000 39.750001 0 0 0
09813 853.260620 100.000000 45.600002 0 0 0
09814 853.260620 100.000000 45.700002 0 0 0
09815 853.260620 100.000000 51.550002 0 0 0
09816 853.260620 100.000000 51.650002 0 0 0
09817 853.260620 100.000000 57.500003 0 0 0
09818 853.260620 100.000000 57.600003 0 0 0
09819 853.260620 100.000000 63.450004 0 0 0
09820 853.260620 100.000000 63.550004 0 0 0
09821 853.260620 100.000000 69.400005 0 0 0
09822 853.260620 100.000000 69.500005 0 0 0
09823 853.260620 100.000000 75.350002 0 0 0
09824 853.260620 100.000000 75.450002 0 0 0
09825 853.260620 100.000000 81.299998 0 0 0
09826 853.260620 100.000000 81.399998 0 0 0
09827 853.260620 100.000000 87.249995 0 0 0
09828 853.260620 100.000000 87.349995 0 0 0
09829 853.260620 100.000000 93.199992 0 0 0
09830 853.260620 100.000000 93.299992 0 0 0
09831 853.260620 100.000000 99.149989 0 0 0
09700 853.260620 100.000000 99.259991 0 0 0
09701 853.260620 100.000000 105.109988 0 0 0
09702 853.260620 100.000000 105.209988 0 0 0
09703 853.260620 100.000000 111.059985 0 0 0
09704 853.260620 100.000000 111.159985 0 0 0
09705 853.260620 100.000000 117.009982 0 0 0
09706 853.260620 100.000000 117.109982 0 0 0
09707 853.260620 100.000000 122.959979 0 0 0
09708 853.260620 100.000000 123.059979 0 0 0
09709 853.260620 100.000000 128.909976 0 0 0
09710 853.260620 100.000000 129.009976 0 0 0
09711 853.260620 100.000000 134.859973 0 0 0
09712 853.260620 100.000000 134.959973 0 0 0
09713 853.260620 100.000000 140.809970 0 0 0
09714 853.260620 100.000000 140.909970 0 0 0
09715 853.260620 100.000000 146.759967 0 0 0
09716 853.260620 100.000000 146.859967 0 0 0
09717 853.260620 100.000000 152.709964 0 0 0
09718 853.260620 100.000000 152.809964 0 0 0
09719 853.260620 100.000000 158.659961 0 0 0
09720 853.260620 100.000000 158.759961 0 0 0
09721 853.260620 100.000000 164.609958 0 0 0
09722 853.260620 100.000000 164.709958 0 0 0
09723 853.260620 100.000000 170.559955 0 0 0
09724 853.260620 100.000000 170.659955 0 0 0
09725 853.260620 100.000000 176.509952 0 0 0
09726 853.260620 100.000000 176.609952 0 0 0
09727 853.260620 100.000000 182.459949 0 0 0
09728 853.260620 100.000000 182.559949 0 0 0
09729 853.260620 100.000000 188.409946 0 0 0
09730 853.260620 100.000000 188.509946 0 0 0
09731 853.260620 100.000000 194.359943 0 0 0
09600 853.260620 100.000000 194.469937 0 0 0
09601 853.260620 100.000000 200.319934 0 0 0
09602 853.260620 100.000000 200.419934 0 0 0
09603 853.260620 100.000000 206.269931 0 0 0
09604 853.260620 100.000000 206.369931 0 0 0
09605 853.260620 100.000000 212.219928 0 0 0
09606 853.260620 100.000000 212.319928 0 0 0
09607 853.260620 100.000000 218.169925 0 0 0
09608 853.260620 100.000000 218.269925 0 0 0
09609 853.260620 100.000000 224.119922 0 0 0
09610 853.260620 100.000000 224.219922 0 0 0
09611 853.260620 100.000000 230.069919 0 0 0
09612 853.260620 100.000000 230.169919 0 0 0
09613 853.260620 100.000000 236.019916 0 0 0
09614 853.260620 100.000000 236.119916 0 0 0
09615 853.260620 100.000000 241.969913 0 0 0
09616 853.260620 100.000000 242.069913 0 0 0
09617 853.260620 100.000000 247.919910 0 0 0
09618 853.260620 100.000000 248.019910 0 0 0
09619 853.260620 100.000000 253.869907 0 0 0
09620 853.260620 100.000000 253.969907 0 0 0
09621 853.260620 100.000000 259.819904 0 0 0
09622 853.260620 100.000000 259.919904 0 0 0
09623 853.260620 100.000000 265.769916 0 0 0
09624 853.260620 100.000000 265.869916 0 0 0
09625 853.260620 100.000000 271.719928 0 0 0
09626 853.260620 100.000000 271.819928 0 0 0
09627 853.260620 100.000000 277.669940 0 0 0
09628 853.260620 100.000000 277.769940 0 0 0
09629 853.260620 100.000000 283.619952 0 0 0
09630 853.260620 100.000000 283.719952 0 0 0
09631 853.260620 100.000000 289.569965 0 0 0
08500 581.310620 100.000000 276.000000 0 0 0
08501 587.160632 100.000000 276.000000 0 0 0
08502 587.260632 100.000000 276.000000 0 0 0
08503 593.110645 100.000000 276.000000 0 0 0
08504 593.210645 100.000000 276.000000 0 0 0
08505 599.060657 100.000000 276.000000 0 0 0
08506 599.160657 100.000000 276.000000 0 0 0
08507 605.010669 100.000000 276.000000 0 0 0
08508 605.110669 100.000000 276.000000 0 0 0
08509 610.960681 100.000000 276.000000 0 0 0
08510 611.060681 100.000000 276.000000 0 0 0
08511 616.910693 100.000000 276.000000 0 0 0
08512 617.010693 100.000000 276.000000 0 0 0
08513 622.860706 100.000000 276.000000 0 0 0
08514 622.960706 100.000000 276.000000 0 0 0
08515 628.810718 100.000000 276.000000 0 0 0
08516 628.910718 100.000000 276.000000 0 0 0
08517 634.760730 100.000000 276.000000 0 0 0
08518 634.860730 100.000000 276.000000 0 0 0
08519 640.710742 100.000000 276.000000 0 0 0
08520 640.810742 100.000000 276.000000 0 0 0
08521 646.660754 100.000000 276.000000 0 0 0
08522 646.760754 100.000000 276.000000 0 0 0
08523 652.610767 100.000000 276.000000 0 0 0
08524 652.710767 100.000000 276.000000 0 0 0
08525 658.560779 100.000000 276.000000 0 0 0
08526 658.660779 100.000000 276.000000 0 0 0
08527 664.510791 100.000000 276.000000 0 0 0
08528 664.610791 100.000000 276.000000 0 0 0
08529 670.460803 100.000000 276.000000 0 0 0
08530 670.560803 100.000000 276.000000 0 0 0
08531 676.410815 100.000000 276.000000 0 0 0
08400 676.520825 100.000000 276.000000 0 0 0
08401 682.370837 100.000000 276.000000 0 0 0
08402 682.470837 100.000000 276.000000 0 0 0
08403 688.320850 100.000000 276.000000 0 0 0
08404 688.420850 100.000000 276.000000 0 0 0
08405 694.270862 100.000000 276.000000 0 0 0
08406 694.370862 100.000000 276.000000 0 0 0
08407 700.220874 100.000000 276.000000 0 0 0
08408 700.320874 100.000000 276.000000 0 0 0
08409 706.170886 100.000000 276.000000 0 0 0
08410 706.270886 100.000000 276.000000 0 0 0
08411 712.120898 100.000000 276.000000 0 0 0
08412 712.220898 100.000000 276.000000 0 0 0
08413 718.070911 100.000000 276.000000 0 0 0
08414 718.170911 100.000000 276.000000 0 0 0
08415 724.020923 100.000000 276.000000 0 0 0
08416 724.120923 100.000000 276.000000 0 0 0
08417 729.970935 100.000000 276.000000 0 0 0
08418 730.070935 100.000000 276.000000 0 0 0
08419 735.920947 100.000000 276.000000 0 0 0
08420 736.020947 100.000000 276.000000 0 0 0
08421 741.870959 100.000000 276.000000 0 0 0
08422 741.970959 100.000000 276.000000 0 0 0
08423 747.820972 100.000000 276.000000 0 0 0
08424 747.920972 100.000000 276.000000 0 0 0
08425 753.770984 100.000000 276.000000 0 0 0
08426 753.870984 100.000000 276.000000 0 0 0
08427 759.720996 100.000000 276.000000 0 0 0
08428 759.820996 100.000000 276.000000 0 0 0
08429 765.671008 100.000000 276.000000 0 0 0
08430 765.771008 100.000000 276.000000 0 0 0
08431 771.621021 100.000000 276.000000 0 0 0
08300 771.731030 100.000000 276.000000 0 0 0
08301 777.581042 100.000000 276.000000 0 0 0
08302 777.681042 100.000000 276.000000 0 0 0
08303 783.531055 100.000000 276.000000 0 0 0
08304 783.631055 100.000000 276.000000 0 0 0
08305 789.481067 100.000000 276.000000 0 0 0
08306 789.581067 100.000000 276.000000 0 0 0
08307 795.431079 100.000000 276.000000 0 0 0
08308 795.531079 100.000000 276.000000 0 0 0
08309 801.381091 100.000000 276.000000 0 0 0
08310 801.481091 100.000000 276.000000 0 0 0
08311 807.331104 100.000000 276.000000 0 0 0
08312 807.431104 100.000000 276.000000 0 0 0
08313 813.281116 100.000000 276.000000 0 0 0
08314 813.381116 100.000000 276.000000 0 0 0
08315 819.231128 100.000000 276.000000 0 0 0
08316 819.331128 100.000000 276.000000 0 0 0
08317 825.181140 100.000000 276.000000 0 0 0
08318 825.281140 100.000000 276.000000 0 0 0
08319 831.131152 100.000000 276.000000 0 0 0
08320 831.231152 100.000000 276.000000 0 0 0
08321 837.081165 100.000000 276.000000 0 0 0
08322 837.181165 100.000000 276.000000 0 0 0
08323 843.031177 100.000000 276.000000 0 0 0
08324 843.131177 100.000000 276.000000 0 0 0
08325 848.981189 100.000000 276.000000 0 0 0
08326 849.081189 100.000000 276.000000 0 0 0
08327 854.931201 100.000000 276.000000 0 0 0
08328 855.031201 100.000000 276.000000 0 0 0
08329 860.881213 100.000000 276.000000 0 0 0
08330 860.981213 100.000000 276.000000 0 0 0
08331 866.831226 100.000000 276.000000 0 0 0
