374
1455
2002
2230
2336
2296
2087
2006
1831
1716
1623
1553
1437
1327
1348
1260
1237
1234
1164
1122
1070
1092
993
1002
892
969
951
907
909
961
863
857
915
900
853
842
790
780
779
808
781
749
723
737
723
755
732
680
724
631
656
693
669
632
636
643
632
640
608
615
597
633
602
545
591
595
551
574
567
507
545
535
552
519
537
563
523
461
550
510
514
469
517
493
466
460
488
446
474
516
451
451
457
465
450
456
493
441
441
475
433
419
435
405
392
410
430
404
392
407
435
411
383
422
394
397
413
366
389
376
366
372
375
345
370
368
370
390
351
382
373
380
377
339
372
371
351
360
338
365
309
187
95
41
19
7
2
3
0
0
 
