12321
10239
8303
6975
5684
4667
4031
3446
2791
2485
2062
1724
1419
1367
1111
982
974
822
732
653
665
511
500
452
411
439
409
357
342
357
302
296
316
271
286
265
260
288
279
238
214
242
232
238
251
239
200
225
182
190
206
194
188
227
210
198
170
184
158
160
170
183
168
143
158
140
167
145
154
162
155
115
143
148
124
126
133
122
91
130
90
124
135
112
94
81
107
99
109
78
83
75
68
97
69
74
91
84
84
74
68
73
71
55
68
40
55
63
71
62
63
60
71
55
62
53
54
58
63
39
42
56
44
33
36
43
60
49
50
51
52
49
47
57
39
45
41
23
41
26
29
51
23
45
26
50
39
20
44
27
14
17
13
35
20
25
26
26
29
31
20
17
28
24
28
34
22
16
17
21
23
33
15
30
8
20
15
20
14
17
18
21
16
20
22
24
14
18
25
13
10
13
11
18
9
4
13
23
10
13
15
26
21
18
15
17
6
15
9
13
14
6
13
9
9
6
8
7
13
13
11
13
8
5
8
13
7
9
6
14
11
11
9
10
13
9
4
3
17
3
5
1
5
5
5
15
4
6
3
11
3
10
8
8
7
5
8
7
13
7
7
15
5
6
9
9
7
4
9
7
5
7
5
5
6
3
8
6
4
12
7
4
4
6
7
9
3
2
3
4
4
1
9
9
2
2
2
4
3
3
1
5
1
7
4
6
4
6
7
4
4
5
2
3
2
8
4
9
4
4
8
2
2
2
0
2
14
4
3
2
3
4
5
3
7
1
4
1
1
8
3
5
2
1
7
4
5
0
5
6
4
2
6
1
4
5
0
0
4
1
4
6
2
0
4
3
4
3
3
8
4
1
2
3
2
6
7
4
2
5
6
3
2
6
5
3
1
4
6
3
0
2
2
1
0
0
5
4
3
3
3
9
0
4
2
6
0
2
6
4
6
1
0
5
3
1
1
4
0
1
1
2
2
4
5
7
5
3
7
6
3
2
1
3
0
4
4
1
2
4
6
11
7
5
5
5
4
2
5
2
2
3
0
6
3
2
3
3
8
0
0
1
2
1
0
3
6
1
6
1
4
5
0
2
6
0
3
7
0
2
5
2
6
3
5
2
2
1
5
5
0
3
3
2
3
6
0
0
1
0
1
4
4
2
3
4
3
7
1
1
3
2
2
2
2
4
9
4
8
2
2
6
5
2
6
1
2
6
7
0
5
0
4
0
1
4
1
2
2
1
0
2
4
1
0
3
3
0
6
2
0
0
3
0
2
2
3
3
2
0
2
1
3
1
2
1
1
2
4
3
0
2
4
2
3
3
3
5
5
2
2
1
0
2
0
1
0
0
5
1
3
8
4
3
2
6
4
1
3
2
0
9
4
2
7
2
0
0
2
1
3
4
2
3
3
3
2
8
6
3
1
3
3
0
0
3
0
6
1
0
2
0
0
1
2
7
2
1
0
1
6
3
2
0
1
0
2
3
5
3
6
4
1
1
0
0
7
1
1
1
1
8
1
1
0
0
0
1
2
2
7
1
1
0
1
1
3
1
1
1
3
5
2
1
0
3
2
5
0
5
4
2
5
3
3
0
0
5
0
5
1
4
0
1
6
1
6
1
2
1
2
4
0
8
3
1
7
1
2
4
4
2
3
5
0
4
5
2
1
1
5
2
0
4
2
0
2
4
4
4
4
5
0
3
0
2
3
3
0
0
6
1
1
6
10
0
2
0
1
4
1
0
1
3
2
0
1
1
0
0
8
4
0
0
3
0
0
4
0
1
4
0
1
0
2
1
5
2
2
0
0
0
2
1
0
0
4
0
3
1
1
2
1
1
2
0
1
3
3
0
2
2
3
2
0
1
2
0
0
1
0
4
2
3
0
0
1
2
2
6
2
3
4
2
3
1
2
7
3
2
3
3
1
0
0
4
2
9
0
3
2
2
0
1
1
1
8
1
4
2
0
4
0
2
0
0
0
3
0
0
4
0
2
2
5
1
3
6
0
0
0
0
0
3
2
1
0
1
1
1
1
2
0
1
4
4
1
1
0
0
9
2
1
1
2
0
2
2
2
2
0
1
7
0
7
0
5
0
5
1
1
0
1
1
1
0
1
0
2
3
2
1
1
0
0
2
4
0
0
2
4
2
5
2
2
1
1
4
0
1
2
1
3
3
0
2
1
3
0
2
2
1
0
4
5
3
0
0
2
1
3
0
2
0
3
2
2
0
3
1
0
5
2
2
4
6
3
2
2
2
1
4
6
1
2
1
2
6
1
2
