0	8	127	126	125	124	123	122	120	121
1	6	139	128	137	138	136	135
2	6	134	133	132	131	130	129
3	8	63	62	54	55	56	57	58	59
4	8	64	65	50	51	52	53	61	60
5	6	81	80	82	79	83	78
6	6	66	67	68	69	77	76
7	6	70	71	72	73	74	75
8	9	115	106	107	108	109	110	111	112	113
9	9	116	117	118	119	102	103	104	105	114
10	9	101	84	85	86	87	96	95	94	93
11	9	100	99	98	97	88	89	90	91	92
12	6	33	32	31	30	40	41
13	6	42	43	44	25	26	27
14	7	37	38	39	29	28	49	48
15	6	36	35	34	45	46	47
16	6	21	22	23	24	9	8
17	6	7	6	5	19	18	17
18	7	12	11	10	15	16	0	1
19	6	13	14	20	4	3	2
