40      173     1
41      172     1
42      168     1
43      170     1
44      176     1
45      59      1
46      171     1
47      61      1
48      166     1
49      169     1
50      56      1
51      60      1
52      34      1
53      33      1
54      57      1
55      24      1
56      159     1
57      153     1
58      156     1
59      152     1
60      182     1
61      158     1
62      157     1
63      136     0
64      150     0
65      151     0
66      134     0
67      135     0
68      149     0
69      58      0
70      238     0
71      155     0
72      79      1
73      206     1
74      204     1
75      200     1
76      222     1
77      220     1
78      81      1
79      85      1
80      143     1
81      162     1
82      133     1
83      132     1
84      18      1
85      44      1
86      160     1
87      147     1
88      146     1
89      131     1
90      19      1
91      202     1
92      199     1
93      197     1
94      207     1
95      203     1
96      45      1
97      198     1
98      174     1
99      148     1
100     163     1
101     164     1
102     165     1
103     80      1
104     193     0
105     42      0
106     138     0
107     130     1
108     77      0
109     78      0
110     98      1
111     97      1
112     87      1
113     95      1
114     94      1
115     93      1
116     86      0
117     83      0
118     84      0
119     104     1
120     103     1
121     102     1
122     101     1
123     100     1
124     99      1
125     90      0
126     91      0
