40      173     0
41      172     0
42      168     0
43      170     0
44      176     0
45      59      0
46      171     0
47      61      0
48      166     0
49      169     0
50      56      0
51      60      0
52      34      0
53      33      0
54      57      0
55      24      0
56      159     0
57      153     0
58      156     0
59      152     0
60      182     0
61      158     0
62      157     0
63      136     1
64      150     1
65      151     1
66      134     1
67      135     1
68      149     1
69      58      0
70      238     1
71      155     1
72      222     0
73      220     0
74      81      0
75      85      0
76      79      0
77      206     0
78      204     0
79      200     0
80      18      1
81      132     1
82      133     1
83      162     1
84      143     1
85      131     1
86      146     1
87      147     1
88      44      1
89      160     1
90      19      0
91      202     0
92      199     0
93      197     0
94      207     0
95      203     0
96      45      0
97      198     0
98      174     0
99      148     0
100     163     0
101     164     0
102     165     0
103     80      0
104     193     1
105     42      1
106     138     1
107     130     0
108     77      1
109     78      1
110     98      0
111     97      0
112     87      0
113     95      0
114     94      0
115     93      0
116     86      1
117     83      1
118     84      1
119     104     0
120     103     0
121     102     0
122     101     0
123     100     0
124     99      0
125     90      1
126     91      1
133     82      1 
